"Date of Census","Total Adults in Shelter","Total Children in Shelter","Total Individuals in Shelter","Single Adult Men in Shelter","Single Adult Women in Shelter","Total Single Adults in Shelter","Families with Children in Shelter","Adults in Families with Children in Shelter","Children in Families with Children in Shelter","Total Individuals in Families with Children in Shelter ","Adult Families in Shelter","Individuals in Adult Families in Shelter"
"10/16/2025","54989","30953","85942","16896","6693","23589","17907","26582","30953","57535","2231","4818"
"10/15/2025","55087","30973","86060","16952","6697","23649","17912","26600","30973","57573","2239","4838"
"10/14/2025","55103","31000","86103","16936","6690","23626","17942","26633","31000","57633","2243","4844"
"10/13/2025","55115","30941","86056","16979","6699","23678","17908","26599","30941","57540","2238","4838"
"10/12/2025","55011","30953","85964","16907","6654","23561","17922","26622","30953","57575","2233","4828"
"10/11/2025","54885","30947","85832","16826","6641","23467","17914","26610","30947","57557","2224","4808"
"10/10/2025","54848","30868","85716","16844","6655","23499","17858","26548","30868","57416","2221","4801"
"10/09/2025","54972","30954","85926","16870","6653","23523","17898","26608","30954","57562","2240","4841"
"10/08/2025","54942","30971","85913","16814","6633","23447","17919","26653","30971","57624","2240","4842"
"10/07/2025","54850","30924","85774","16760","6630","23390","17873","26610","30924","57534","2245","4850"
"10/06/2025","54868","30946","85814","16793","6589","23382","17900","26659","30946","57605","2237","4827"
"10/05/2025","54817","31013","85830","16696","6602","23298","17919","26680","31013","57693","2243","4839"
"10/04/2025","54792","31005","85797","16677","6584","23261","17921","26691","31005","57696","2243","4840"
"10/03/2025","54750","30971","85721","16706","6548","23254","17888","26654","30971","57625","2244","4842"
"10/02/2025","54849","30951","85800","16783","6582","23365","17890","26637","30951","57588","2246","4847"
"10/01/2025","54850","30978","85828","16756","6584","23340","17903","26648","30978","57626","2254","4862"
"09/30/2025","54871","31034","85905","16729","6579","23308","17933","26696","31034","57730","2256","4867"
"09/29/2025","54863","30992","85855","16731","6573","23304","17909","26672","30992","57664","2263","4887"
"09/28/2025","54828","31023","85851","16708","6533","23241","17939","26710","31023","57733","2258","4877"
"09/27/2025","54738","30978","85716","16682","6501","23183","17916","26683","30978","57661","2256","4872"
"09/26/2025","54757","30953","85710","16714","6497","23211","17902","26669","30953","57622","2257","4877"
"09/25/2025","54769","30945","85714","16711","6525","23236","17878","26650","30945","57595","2260","4883"
"09/24/2025","54819","30926","85745","16759","6542","23301","17863","26640","30926","57566","2258","4878"
"09/23/2025","54698","30868","85566","16712","6523","23235","17833","26593","30868","57461","2253","4870"
"09/22/2025","54691","30956","85647","16654","6527","23181","17863","26640","30956","57596","2252","4870"
"09/21/2025","54704","31043","85747","16617","6498","23115","17906","26698","31043","57741","2262","4891"
"09/20/2025","54576","31023","85599","16524","6487","23011","17903","26687","31023","57710","2257","4878"
"09/19/2025","54500","30959","85459","16557","6473","23030","17853","26614","30959","57573","2247","4856"
"09/18/2025","54623","31015","85638","16619","6480","23099","17891","26659","31015","57674","2250","4865"
"09/17/2025","54755","31019","85774","16743","6499","23242","17889","26656","31019","57675","2246","4857"
"09/16/2025","54658","30996","85654","16703","6454","23157","17881","26664","30996","57660","2239","4837"
"09/15/2025","54720","31053","85773","16715","6433","23148","17918","26703","31053","57756","2253","4869"
"09/14/2025","54585","31048","85633","16614","6395","23009","17919","26703","31048","57751","2255","4873"
"09/13/2025","54563","31098","85661","16573","6396","22969","17931","26726","31098","57824","2253","4868"
"09/12/2025","54647","31072","85719","16676","6396","23072","17919","26704","31072","57776","2256","4871"
"09/11/2025","54713","31088","85801","16723","6413","23136","17930","26734","31088","57822","2242","4843"
"09/10/2025","54721","31118","85839","16697","6441","23138","17942","26755","31118","57873","2235","4828"
"09/09/2025","54610","31072","85682","16652","6416","23068","17912","26721","31072","57793","2231","4821"
"09/08/2025","54629","31119","85748","16621","6412","23033","17928","26749","31119","57868","2244","4847"
"09/07/2025","54655","31134","85789","16643","6408","23051","17926","26756","31134","57890","2244","4848"
"09/06/2025","54609","31124","85733","16608","6403","23011","17930","26768","31124","57892","2235","4830"
"09/05/2025","54608","31091","85699","16599","6398","22997","17915","26765","31091","57856","2241","4846"
"09/04/2025","54586","31097","85683","16560","6408","22968","17926","26772","31097","57869","2241","4846"
"09/03/2025","54599","31103","85702","16573","6415","22988","17917","26771","31103","57874","2239","4840"
"09/02/2025","54616","31115","85731","16590","6417","23007","17919","26778","31115","57893","2234","4831"
"09/01/2025","54532","31120","85652","16548","6391","22939","17918","26766","31120","57886","2232","4827"
"08/31/2025","54422","31108","85530","16486","6390","22876","17904","26745","31108","57853","2221","4801"
"08/30/2025","54412","31105","85517","16471","6389","22860","17912","26747","31105","57852","2223","4805"
"08/29/2025","54397","31122","85519","16461","6371","22832","17911","26754","31122","57876","2225","4811"
"08/28/2025","54491","31102","85593","16570","6409","22979","17892","26726","31102","57828","2212","4786"
"08/27/2025","54522","31084","85606","16572","6434","23006","17879","26707","31084","57791","2225","4809"
"08/26/2025","54484","31092","85576","16538","6418","22956","17891","26721","31092","57813","2223","4807"
"08/25/2025","54529","31156","85685","16482","6428","22910","17919","26783","31156","57939","2238","4836"
"08/24/2025","54428","31151","85579","16441","6383","22824","17923","26784","31151","57935","2230","4820"
"08/23/2025","54433","31192","85625","16429","6362","22791","17946","26815","31192","58007","2234","4827"
"08/22/2025","54454","31157","85611","16468","6370","22838","17925","26799","31157","57956","2229","4817"
"08/21/2025","54444","31097","85541","16518","6338","22856","17904","26762","31097","57859","2234","4826"
"08/20/2025","54439","31105","85544","16516","6322","22838","17912","26782","31105","57887","2229","4819"
"08/19/2025","54374","31024","85398","16474","6348","22822","17872","26728","31024","57752","2232","4824"
"08/18/2025","54411","30972","85383","16522","6353","22875","17849","26698","30972","57670","2238","4838"
"08/17/2025","54446","31054","85500","16507","6324","22831","17905","26778","31054","57832","2237","4837"
"08/16/2025","54398","31053","85451","16473","6340","22813","17894","26758","31053","57811","2232","4827"
"08/15/2025","54333","30957","85290","16496","6323","22819","17841","26686","30957","57643","2234","4828"
"08/14/2025","54476","31046","85522","16558","6356","22914","17898","26756","31046","57802","2225","4806"
"08/13/2025","54435","30995","85430","16536","6336","22872","17887","26749","30995","57744","2230","4814"
"08/12/2025","54414","31001","85415","16513","6328","22841","17881","26742","31001","57743","2237","4831"
"08/11/2025","54508","31013","85521","16553","6332","22885","17896","26761","31013","57774","2250","4862"
"08/10/2025","54464","31024","85488","16498","6348","22846","17902","26779","31024","57803","2237","4839"
"08/09/2025","54374","31037","85411","16440","6320","22760","17908","26790","31037","57827","2230","4824"
"08/08/2025","54398","31018","85416","16485","6323","22808","17893","26768","31018","57786","2228","4822"
"08/07/2025","54482","31044","85526","16539","6330","22869","17914","26804","31044","57848","2224","4809"
"08/06/2025","54504","31052","85556","16545","6326","22871","17903","26804","31052","57856","2232","4829"
"08/05/2025","54504","31072","85576","16517","6319","22836","17921","26837","31072","57909","2233","4831"
"08/04/2025","54429","31069","85498","16447","6317","22764","17923","26838","31069","57907","2234","4827"
"08/03/2025","54428","31053","85481","16448","6307","22755","17924","26841","31053","57894","2235","4832"
"08/02/2025","54428","31066","85494","16421","6321","22742","17931","26841","31066","57907","2242","4845"
"08/01/2025","54480","31044","85524","16477","6336","22813","17923","26823","31044","57867","2241","4844"
"07/31/2025","54491","31012","85503","16531","6327","22858","17903","26793","31012","57805","2239","4840"
"07/30/2025","54374","30966","85340","16406","6370","22776","17898","26786","30966","57752","2225","4812"
"07/29/2025","54483","30973","85456","16500","6349","22849","17899","26802","30973","57775","2236","4832"
"07/28/2025","54423","30918","85341","16480","6335","22815","17868","26759","30918","57677","2243","4849"
"07/27/2025","54253","30876","85129","16420","6262","22682","17845","26724","30876","57600","2240","4847"
"07/26/2025","54371","31019","85390","16431","6258","22689","17938","26840","31019","57859","2238","4842"
"07/25/2025","54385","31007","85392","16434","6256","22690","17929","26844","31007","57851","2243","4851"
"07/24/2025","54484","31015","85499","16491","6289","22780","17937","26853","31015","57868","2243","4851"
"07/23/2025","54509","31038","85547","16490","6291","22781","17951","26890","31038","57928","2241","4838"
"07/22/2025","54572","31042","85614","16511","6319","22830","17965","26904","31042","57946","2239","4838"
"07/21/2025","54501","31029","85530","16456","6289","22745","17945","26890","31029","57919","2252","4866"
"07/20/2025","54433","31114","85547","16358","6263","22621","17985","26944","31114","58058","2253","4868"
"07/19/2025","54320","31088","85408","16299","6219","22518","17979","26937","31088","58025","2251","4865"
"07/18/2025","54402","31098","85500","16348","6262","22610","17970","26931","31098","58029","2248","4861"
"07/17/2025","54444","31106","85550","16379","6264","22643","17968","26935","31106","58041","2251","4866"
"07/16/2025","54441","31108","85549","16346","6289","22635","17975","26937","31108","58045","2252","4869"
"07/15/2025","54520","31086","85606","16408","6271","22679","17968","26946","31086","58032","2265","4895"
"07/14/2025","54530","31149","85679","16381","6255","22636","18006","27017","31149","58166","2258","4877"
"07/13/2025","54497","31138","85635","16347","6244","22591","18011","27018","31138","58156","2265","4888"
"07/12/2025","54377","31082","85459","16310","6230","22540","17977","26961","31082","58043","2260","4876"
"07/11/2025","54388","31101","85489","16361","6243","22604","17974","26959","31101","58060","2237","4825"
"07/10/2025","54441","31167","85608","16347","6229","22576","18024","27038","31167","58205","2239","4827"
"07/09/2025","54599","31173","85772","16469","6233","22702","18032","27037","31173","58210","2253","4860"
"07/08/2025","54551","31145","85696","16437","6212","22649","18007","27036","31145","58181","2256","4866"
"07/07/2025","54572","31154","85726","16455","6194","22649","18005","27036","31154","58190","2266","4887"
"07/06/2025","54510","31243","85753","16323","6162","22485","18064","27116","31243","58359","2277","4909"
"07/05/2025","54523","31270","85793","16286","6167","22453","18090","27151","31270","58421","2282","4919"
"07/04/2025","54480","31217","85697","16300","6157","22457","18055","27103","31217","58320","2282","4920"
"07/03/2025","54466","31190","85656","16324","6144","22468","18040","27086","31190","58276","2278","4912"
"07/02/2025","54600","31216","85816","16381","6197","22578","18055","27103","31216","58319","2281","4919"
"07/01/2025","54726","31284","86010","16408","6229","22637","18084","27163","31284","58447","2286","4926"
"06/30/2025","54746","31346","86092","16421","6211","22632","18118","27208","31346","58554","2277","4906"
"06/29/2025","54660","31336","85996","16333","6230","22563","18116","27207","31336","58543","2270","4890"
"06/28/2025","54591","31300","85891","16307","6249","22556","18088","27172","31300","58472","2257","4863"
"06/27/2025","54702","31264","85966","16421","6240","22661","18077","27152","31264","58416","2268","4889"
"06/26/2025","54713","31347","86060","16408","6211","22619","18120","27187","31347","58534","2278","4907"
"06/25/2025","54662","31322","85984","16418","6182","22600","18089","27153","31322","58475","2279","4909"
"06/24/2025","54723","31310","86033","16416","6195","22611","18089","27161","31310","58471","2299","4951"
"06/23/2025","54637","31293","85930","16387","6189","22576","18067","27140","31293","58433","2285","4921"
"06/22/2025","54660","31390","86050","16345","6186","22531","18127","27215","31390","58605","2282","4914"
"06/21/2025","54607","31386","85993","16299","6176","22475","18130","27219","31386","58605","2281","4913"
"06/20/2025","54705","31417","86122","16341","6196","22537","18146","27248","31417","58665","2283","4920"
"06/19/2025","54755","31403","86158","16381","6216","22597","18141","27258","31403","58661","2273","4900"
"06/18/2025","54704","31410","86114","16351","6217","22568","18135","27251","31410","58661","2267","4885"
"06/17/2025","54707","31395","86102","16370","6179","22549","18139","27264","31395","58659","2271","4894"
"06/16/2025","54620","31439","86059","16331","6146","22477","18156","27291","31439","58730","2251","4852"
"06/15/2025","54611","31488","86099","16312","6144","22456","18174","27314","31488","58802","2244","4841"
"06/14/2025","54542","31482","86024","16250","6143","22393","18175","27312","31482","58794","2242","4837"
"06/13/2025","54494","31450","85944","16223","6116","22339","18178","27318","31450","58768","2243","4837"
"06/12/2025","54577","31519","86096","16314","6119","22433","18207","27341","31519","58860","2226","4803"
"06/11/2025","54564","31533","86097","16299","6106","22405","18221","27367","31533","58900","2219","4792"
"06/10/2025","54534","31529","86063","16330","6095","22425","18212","27338","31529","58867","2209","4771"
"06/09/2025","54532","31576","86108","16309","6061","22370","18232","27376","31576","58952","2217","4786"
"06/08/2025","54552","31629","86181","16265","6075","22340","18260","27413","31629","59042","2222","4799"
"06/07/2025","54451","31574","86025","16199","6070","22269","18239","27379","31574","58953","2224","4803"
"06/06/2025","54421","31574","85995","16239","6009","22248","18235","27381","31574","58955","2219","4792"
"06/05/2025","54317","31584","85901","16213","5993","22206","18222","27353","31584","58937","2201","4758"
"06/04/2025","54313","31633","85946","16224","5931","22155","18247","27394","31633","59027","2206","4764"
"06/03/2025","54509","31696","86205","16362","5922","22284","18284","27454","31696","59150","2210","4771"
"06/02/2025","54560","31739","86299","16368","5925","22293","18315","27486","31739","59225","2214","4781"
"06/01/2025","54436","31711","86147","16264","5929","22193","18311","27476","31711","59187","2208","4767"
"05/31/2025","54398","31694","86092","16253","5931","22184","18292","27451","31694","59145","2205","4763"
"05/30/2025","54240","31672","85912","16173","5894","22067","18281","27429","31672","59101","2196","4744"
"05/29/2025","54411","31723","86134","16305","5890","22195","18296","27460","31723","59183","2201","4756"
"05/28/2025","54486","31748","86234","16346","5900","22246","18309","27481","31748","59229","2202","4759"
"05/27/2025","54408","31701","86109","16287","5893","22180","18280","27448","31701","59149","2213","4780"
"05/26/2025","54263","31735","85998","16170","5869","22039","18306","27464","31735","59199","2203","4760"
"05/25/2025","54306","31695","86001","16270","5849","22119","18293","27447","31695","59142","2195","4740"
"05/24/2025","54349","31722","86071","16251","5872","22123","18312","27477","31722","59199","2201","4749"
"05/23/2025","54340","31664","86004","16299","5872","22171","18263","27414","31664","59078","2203","4755"
"05/22/2025","54344","31663","86007","16362","5873","22235","18259","27410","31663","59073","2175","4699"
"05/21/2025","54340","31683","86023","16351","5873","22224","18286","27440","31683","59123","2163","4676"
"05/20/2025","54290","31633","85923","16352","5856","22208","18245","27377","31633","59010","2178","4705"
"05/19/2025","54282","31717","85999","16281","5855","22136","18287","27440","31717","59157","2178","4706"
"05/18/2025","54203","31769","85972","16202","5845","22047","18312","27475","31769","59244","2166","4681"
"05/17/2025","54127","31687","85814","16202","5824","22026","18266","27421","31687","59108","2165","4680"
"05/16/2025","54093","31643","85736","16248","5821","22069","18233","27379","31643","59022","2149","4645"
"05/15/2025","54095","31635","85730","16241","5815","22056","18218","27378","31635","59013","2156","4661"
"05/14/2025","54129","31628","85757","16267","5819","22086","18221","27380","31628","59008","2158","4663"
"05/13/2025","54072","31640","85712","16260","5781","22041","18217","27379","31640","59019","2153","4652"
"05/12/2025","54083","31727","85810","16213","5809","22022","18257","27421","31727","59148","2146","4640"
"05/11/2025","54041","31711","85752","16196","5796","21992","18245","27407","31711","59118","2146","4642"
"05/10/2025","53987","31680","85667","16180","5785","21965","18219","27376","31680","59056","2148","4646"
"05/09/2025","54070","31696","85766","16251","5765","22016","18233","27402","31696","59098","2151","4652"
"05/08/2025","54160","31684","85844","16288","5786","22074","18230","27412","31684","59096","2162","4674"
"05/07/2025","54117","31707","85824","16243","5777","22020","18252","27452","31707","59159","2147","4645"
"05/06/2025","54082","31663","85745","16266","5765","22031","18226","27418","31663","59081","2142","4633"
"05/05/2025","54057","31760","85817","16226","5728","21954","18272","27494","31760","59254","2129","4609"
"05/04/2025","53995","31781","85776","16175","5728","21903","18284","27491","31781","59272","2125","4601"
"05/03/2025","53786","31721","85507","16068","5711","21779","18248","27436","31721","59157","2111","4571"
"05/02/2025","53874","31741","85615","16113","5742","21855","18254","27453","31741","59194","2110","4566"
"05/01/2025","53899","31740","85639","16182","5731","21913","18270","27464","31740","59204","2088","4522"
"04/30/2025","53970","31813","85783","16204","5723","21927","18310","27529","31813","59342","2084","4514"
"04/29/2025","54010","31800","85810","16264","5736","22000","18298","27510","31800","59310","2079","4500"
"04/28/2025","54134","31819","85953","16341","5771","22112","18296","27516","31819","59335","2081","4506"
"04/27/2025","53994","31803","85797","16255","5744","21999","18283","27487","31803","59290","2081","4508"
"04/26/2025","53813","31727","85540","16156","5735","21891","18244","27422","31727","59149","2078","4500"
"04/25/2025","53807","31719","85526","16158","5733","21891","18246","27431","31719","59150","2072","4485"
"04/24/2025","53781","31669","85450","16211","5715","21926","18212","27381","31669","59050","2066","4474"
"04/23/2025","53800","31712","85512","16219","5701","21920","18247","27424","31712","59136","2057","4456"
"04/22/2025","53804","31705","85509","16262","5708","21970","18232","27411","31705","59116","2044","4423"
"04/21/2025","53786","31729","85515","16247","5702","21949","18253","27432","31729","59161","2036","4405"
"04/20/2025","53700","31710","85410","16192","5691","21883","18253","27448","31710","59158","2017","4369"
"04/19/2025","53663","31722","85385","16134","5702","21836","18259","27460","31722","59182","2019","4367"
"04/18/2025","53586","31596","85182","16185","5703","21888","18191","27362","31596","58958","2006","4336"
"04/17/2025","53640","31573","85213","16288","5714","22002","18171","27339","31573","58912","1989","4299"
"04/16/2025","53678","31592","85270","16262","5712","21974","18208","27399","31592","58991","1993","4305"
"04/15/2025","53677","31583","85260","16286","5684","21970","18206","27415","31583","58998","1985","4292"
"04/14/2025","53720","31624","85344","16295","5700","21995","18221","27443","31624","59067","1981","4282"
"04/13/2025","53637","31568","85205","16262","5696","21958","18205","27395","31568","58963","1982","4284"
"04/12/2025","53577","31516","85093","16237","5692","21929","18175","27357","31516","58873","1987","4291"
"04/11/2025","53497","31472","84969","16263","5699","21962","18143","27294","31472","58766","1963","4241"
"04/10/2025","53535","31482","85017","16250","5680","21930","18181","27351","31482","58833","1970","4254"
"04/09/2025","53538","31461","84999","16286","5676","21962","18161","27318","31461","58779","1971","4258"
"04/08/2025","53485","31409","84894","16291","5689","21980","18132","27283","31409","58692","1956","4222"
"04/07/2025","53443","31379","84822","16253","5708","21961","18111","27268","31379","58647","1951","4214"
"04/06/2025","53402","31404","84806","16209","5696","21905","18119","27285","31404","58689","1949","4212"
"04/05/2025","53344","31348","84692","16203","5709","21912","18098","27246","31348","58594","1938","4186"
"04/04/2025","53210","31323","84533","16126","5678","21804","18084","27228","31323","58551","1935","4178"
"04/03/2025","53315","31273","84588","16253","5688","21941","18073","27207","31273","58480","1930","4167"
"04/02/2025","53401","31294","84695","16250","5715","21965","18097","27249","31294","58543","1940","4187"
"04/01/2025","53338","31264","84602","16242","5696","21938","18065","27206","31264","58470","1946","4194"
"03/31/2025","53315","31297","84612","16205","5679","21884","18090","27251","31297","58548","1939","4180"
"03/30/2025","53370","31351","84721","16211","5680","21891","18120","27291","31351","58642","1943","4188"
"03/29/2025","53263","31324","84587","16162","5664","21826","18106","27271","31324","58595","1936","4166"
"03/28/2025","53269","31305","84574","16181","5680","21861","18086","27242","31305","58547","1935","4166"
"03/27/2025","53289","31277","84566","16247","5651","21898","18077","27238","31277","58515","1929","4153"
"03/26/2025","53360","31278","84638","16288","5665","21953","18083","27262","31278","58540","1924","4145"
"03/25/2025","53361","31309","84670","16244","5655","21899","18104","27302","31309","58611","1932","4160"
"03/24/2025","53395","31349","84744","16268","5625","21893","18129","27332","31349","58681","1937","4170"
"03/23/2025","53434","31394","84828","16280","5632","21912","18150","27352","31394","58746","1937","4170"
"03/22/2025","53367","31355","84722","16222","5627","21849","18141","27333","31355","58688","1943","4185"
"03/21/2025","53394","31363","84757","16244","5642","21886","18138","27331","31363","58694","1940","4177"
"03/20/2025","53378","31326","84704","16265","5637","21902","18119","27318","31326","58644","1929","4158"
"03/19/2025","53438","31347","84785","16277","5630","21907","18142","27357","31347","58704","1937","4174"
"03/18/2025","53454","31342","84796","16291","5628","21919","18140","27351","31342","58693","1944","4184"
"03/17/2025","53474","31350","84824","16286","5627","21913","18148","27352","31350","58702","1957","4209"
"03/16/2025","53383","31315","84698","16247","5614","21861","18135","27329","31315","58644","1948","4193"
"03/15/2025","53363","31310","84673","16217","5634","21851","18134","27325","31310","58635","1945","4187"
"03/14/2025","53250","31227","84477","16204","5609","21813","18086","27247","31227","58474","1946","4190"
"03/13/2025","53255","31201","84456","16197","5608","21805","18093","27262","31201","58463","1944","4188"
"03/12/2025","53296","31219","84515","16227","5605","21832","18105","27278","31219","58497","1942","4186"
"03/11/2025","53325","31201","84526","16278","5607","21885","18093","27250","31201","58451","1946","4190"
"03/10/2025","53370","31234","84604","16263","5619","21882","18103","27272","31234","58506","1959","4216"
"03/09/2025","53418","31270","84688","16304","5608","21912","18130","27304","31270","58574","1951","4202"
"03/08/2025","53385","31247","84632","16250","5607","21857","18133","27309","31247","58556","1959","4219"
"03/07/2025","53404","31244","84648","16284","5590","21874","18131","27314","31244","58558","1958","4216"
"03/06/2025","53369","31164","84533","16313","5595","21908","18090","27255","31164","58419","1953","4206"
"03/05/2025","53398","31135","84533","16353","5602","21955","18076","27236","31135","58371","1954","4207"
"03/04/2025","53401","31228","84629","16296","5580","21876","18125","27317","31228","58545","1954","4208"
"03/03/2025","53458","31288","84746","16349","5550","21899","18141","27348","31288","58636","1956","4211"
"03/02/2025","53493","31350","84843","16341","5567","21908","18173","27380","31350","58730","1956","4205"
"03/01/2025","53421","31339","84760","16324","5535","21859","18176","27375","31339","58714","1948","4187"
"02/28/2025","53348","31285","84633","16314","5543","21857","18144","27309","31285","58594","1944","4182"
"02/27/2025","53436","31360","84796","16315","5554","21869","18177","27371","31360","58731","1950","4196"
"02/26/2025","53481","31367","84848","16380","5559","21939","18163","27344","31367","58711","1951","4198"
"02/25/2025","53504","31342","84846","16372","5572","21944","18160","27343","31342","58685","1960","4217"
"02/24/2025","53500","31295","84795","16404","5583","21987","18134","27305","31295","58600","1955","4208"
"02/23/2025","53433","31263","84696","16382","5567","21949","18123","27283","31263","58546","1951","4201"
"02/22/2025","53431","31246","84677","16401","5564","21965","18121","27283","31246","58529","1945","4183"
"02/21/2025","53489","31217","84706","16467","5583","22050","18105","27265","31217","58482","1939","4174"
"02/20/2025","53590","31280","84870","16489","5586","22075","18135","27310","31280","58590","1956","4205"
"02/19/2025","53664","31341","85005","16519","5565","22084","18172","27370","31341","58711","1960","4210"
"02/18/2025","53672","31385","85057","16464","5564","22028","18203","27454","31385","58839","1952","4190"
"02/17/2025","53595","31305","84900","16463","5557","22020","18170","27409","31305","58714","1941","4166"
"02/16/2025","53542","31304","84846","16406","5539","21945","18176","27419","31304","58723","1946","4178"
"02/15/2025","53493","31343","84836","16340","5551","21891","18182","27417","31343","58760","1948","4185"
"02/14/2025","53584","31360","84944","16407","5560","21967","18195","27441","31360","58801","1945","4176"
"02/13/2025","53665","31357","85022","16487","5564","22051","18189","27427","31357","58784","1950","4187"
"02/12/2025","53722","31441","85163","16454","5551","22005","18250","27518","31441","58959","1956","4199"
"02/11/2025","53654","31396","85050","16463","5566","22029","18223","27476","31396","58872","1933","4149"
"02/10/2025","53674","31430","85104","16433","5585","22018","18237","27500","31430","58930","1937","4156"
"02/09/2025","53627","31515","85142","16353","5569","21922","18278","27563","31515","59078","1930","4142"
"02/08/2025","53614","31518","85132","16358","5554","21912","18279","27559","31518","59077","1931","4143"
"02/07/2025","53716","31550","85266","16418","5580","21998","18283","27583","31550","59133","1927","4135"
"02/06/2025","53798","31659","85457","16403","5578","21981","18346","27679","31659","59338","1929","4138"
"02/05/2025","53843","31716","85559","16374","5567","21941","18396","27744","31716","59460","1938","4158"
"02/04/2025","53783","31681","85464","16310","5556","21866","18398","27771","31681","59452","1933","4146"
"02/03/2025","53941","31866","85807","16287","5561","21848","18509","27959","31866","59825","1927","4134"
"02/02/2025","54058","31967","86025","16315","5567","21882","18565","28043","31967","60010","1926","4133"
"02/01/2025","54016","31962","85978","16289","5544","21833","18573","28053","31962","60015","1924","4130"
"01/31/2025","54095","32019","86114","16313","5538","21851","18607","28113","32019","60132","1923","4131"
"01/30/2025","54241","32098","86339","16369","5549","21918","18656","28203","32098","60301","1919","4120"
"01/29/2025","54242","32174","86416","16296","5549","21845","18698","28281","32174","60455","1916","4116"
"01/28/2025","54260","32208","86468","16294","5544","21838","18711","28307","32208","60515","1914","4115"
"01/27/2025","54309","32216","86525","16318","5544","21862","18719","28332","32216","60548","1915","4115"
"01/26/2025","54227","32231","86458","16275","5529","21804","18711","28309","32231","60540","1914","4114"
"01/25/2025","54283","32253","86536","16273","5547","21820","18736","28342","32253","60595","1916","4121"
"01/24/2025","54286","32237","86523","16298","5547","21845","18745","28349","32237","60586","1902","4092"
"01/23/2025","54353","32257","86610","16317","5568","21885","18747","28369","32257","60626","1908","4099"
"01/22/2025","54470","32313","86783","16355","5574","21929","18783","28423","32313","60736","1916","4118"
"01/21/2025","54629","32472","87101","16376","5567","21943","18876","28570","32472","61042","1916","4116"
"01/20/2025","54618","32507","87125","16374","5543","21917","18897","28601","32507","61108","1909","4100"
"01/19/2025","54466","32472","86938","16293","5526","21819","18864","28557","32472","61029","1905","4090"
"01/18/2025","54510","32482","86992","16318","5529","21847","18878","28579","32482","61061","1902","4084"
"01/17/2025","54564","32451","87015","16374","5535","21909","18869","28571","32451","61022","1902","4084"
"01/16/2025","54602","32488","87090","16361","5535","21896","18902","28622","32488","61110","1902","4084"
"01/15/2025","54597","32501","87098","16360","5529","21889","18911","28629","32501","61130","1899","4079"
"01/14/2025","54609","32538","87147","16368","5515","21883","18924","28644","32538","61182","1898","4082"
"01/13/2025","54477","32474","86951","16294","5496","21790","18875","28592","32474","61066","1904","4095"
"01/12/2025","54550","32566","87116","16275","5506","21781","18932","28679","32566","61245","1902","4090"
"01/11/2025","54449","32546","86995","16229","5488","21717","18920","28662","32546","61208","1892","4070"
"01/10/2025","54549","32595","87144","16280","5493","21773","18950","28701","32595","61296","1895","4075"
"01/09/2025","54512","32599","87111","16236","5499","21735","18960","28703","32599","61302","1895","4074"
"01/08/2025","54490","32596","87086","16242","5496","21738","18940","28671","32596","61267","1899","4081"
"01/07/2025","54442","32582","87024","16230","5462","21692","18932","28685","32582","61267","1892","4065"
"01/06/2025","54418","32501","86919","16232","5477","21709","18896","28636","32501","61137","1895","4073"
"01/05/2025","54356","32525","86881","16160","5464","21624","18927","28661","32525","61186","1894","4071"
"01/04/2025","54310","32485","86795","16152","5445","21597","18905","28630","32485","61115","1899","4083"
"01/03/2025","54256","32441","86697","16116","5462","21578","18883","28600","32441","61041","1899","4078"
"01/02/2025","54260","32447","86707","16093","5473","21566","18896","28611","32447","61058","1903","4083"
"01/01/2025","54196","32473","86669","16019","5445","21464","18907","28628","32473","61101","1914","4104"
"12/31/2024","53935","32405","86340","15861","5434","21295","18863","28563","32405","60968","1900","4077"
"12/30/2024","54102","32326","86428","16036","5478","21514","18831","28509","32326","60835","1900","4079"
"12/29/2024","54299","32496","86795","16074","5469","21543","18956","28676","32496","61172","1901","4080"
"12/28/2024","54318","32499","86817","16066","5476","21542","18968","28684","32499","61183","1906","4092"
"12/27/2024","54295","32484","86779","15991","5510","21501","18979","28705","32484","61189","1906","4089"
"12/26/2024","54304","32534","86838","15986","5494","21480","19011","28752","32534","61286","1898","4072"
"12/25/2024","54326","32561","86887","15984","5493","21477","19028","28777","32561","61338","1898","4072"
"12/24/2024","54282","32574","86856","15998","5471","21469","19024","28760","32574","61334","1888","4053"
"12/23/2024","54414","32609","87023","16080","5486","21566","19044","28782","32609","61391","1895","4066"
"12/22/2024","54301","32548","86849","16027","5485","21512","19021","28734","32548","61282","1891","4055"
"12/21/2024","54244","32455","86699","16036","5489","21525","18972","28662","32455","61117","1892","4057"
"12/20/2024","54198","32476","86674","15995","5499","21494","18979","28662","32476","61138","1886","4042"
"12/19/2024","54261","32507","86768","16059","5491","21550","18989","28662","32507","61169","1889","4049"
"12/18/2024","54297","32561","86858","16076","5471","21547","19012","28700","32561","61261","1888","4050"
"12/17/2024","54242","32540","86782","16057","5467","21524","18982","28676","32540","61216","1886","4042"
"12/16/2024","54310","32607","86917","16030","5485","21515","19049","28763","32607","61370","1881","4032"
"12/15/2024","54341","32616","86957","16035","5500","21535","19052","28769","32616","61385","1882","4037"
"12/14/2024","54165","32523","86688","15978","5474","21452","18998","28680","32523","61203","1881","4033"
"12/13/2024","54164","32499","86663","16027","5452","21479","18984","28647","32499","61146","1883","4038"
"12/12/2024","54259","32537","86796","16033","5472","21505","19015","28710","32537","61247","1885","4044"
"12/11/2024","54265","32649","86914","15949","5483","21432","19064","28789","32649","61438","1884","4044"
"12/10/2024","54210","32623","86833","15886","5484","21370","19053","28790","32623","61413","1887","4050"
"12/09/2024","54181","32624","86805","15907","5466","21373","19037","28775","32624","61399","1879","4033"
"12/08/2024","54274","32691","86965","15952","5464","21416","19094","28841","32691","61532","1870","4017"
"12/07/2024","54188","32601","86789","15925","5454","21379","19051","28785","32601","61386","1873","4024"
"12/06/2024","54250","32743","86993","15868","5464","21332","19121","28888","32743","61631","1877","4030"
"12/05/2024","54470","32756","87226","16056","5454","21510","19142","28936","32756","61692","1874","4024"
"12/04/2024","54514","32781","87295","16064","5455","21519","19152","28955","32781","61736","1878","4040"
"12/03/2024","54418","32788","87206","15966","5448","21414","19160","28966","32788","61754","1876","4038"
"12/02/2024","54495","32735","87230","16020","5482","21502","19134","28941","32735","61676","1882","4052"
"12/01/2024","54531","32791","87322","16050","5464","21514","19158","28969","32791","61760","1880","4048"
"11/30/2024","54416","32748","87164","15999","5455","21454","19123","28924","32748","61672","1874","4038"
"11/29/2024","54458","32854","87312","15963","5448","21411","19176","28990","32854","61844","1884","4057"
"11/28/2024","54507","32907","87414","15955","5446","21401","19202","29037","32907","61944","1890","4069"
"11/27/2024","54505","32877","87382","16020","5463","21483","19174","28995","32877","61872","1871","4027"
"11/26/2024","54492","32766","87258","16030","5472","21502","19126","28935","32766","61701","1884","4055"
"11/25/2024","54501","32727","87228","16017","5491","21508","19102","28904","32727","61631","1900","4089"
"11/24/2024","54461","32729","87190","16028","5469","21497","19091","28897","32729","61626","1890","4067"
"11/23/2024","54537","32860","87397","16012","5474","21486","19151","28966","32860","61826","1898","4085"
"11/22/2024","54579","32813","87392","16067","5471","21538","19131","28944","32813","61757","1904","4097"
"11/21/2024","54606","32828","87434","16056","5466","21522","19139","28961","32828","61789","1915","4123"
"11/20/2024","54615","32901","87516","16036","5477","21513","19164","29007","32901","61908","1902","4095"
"11/19/2024","54596","32930","87526","16003","5478","21481","19164","29023","32930","61953","1900","4092"
"11/18/2024","54563","32912","87475","16018","5456","21474","19150","29011","32912","61923","1894","4078"
"11/17/2024","54611","33004","87615","16027","5450","21477","19193","29056","33004","62060","1894","4078"
"11/16/2024","54507","32955","87462","15978","5461","21439","19157","29004","32955","61959","1887","4064"
"11/15/2024","54605","32963","87568","16026","5449","21475","19176","29029","32963","61992","1905","4101"
"11/14/2024","54703","32966","87669","16090","5479","21569","19195","29049","32966","62015","1897","4085"
"11/13/2024","54688","32945","87633","16110","5464","21574","19185","29019","32945","61964","1901","4095"
"11/12/2024","54609","32883","87492","16097","5485","21582","19140","28955","32883","61838","1890","4072"
"11/11/2024","54577","32872","87449","16110","5467","21577","19127","28944","32872","61816","1882","4056"
"11/10/2024","54555","32905","87460","16065","5462","21527","19147","28967","32905","61872","1885","4061"
"11/09/2024","54471","32868","87339","15989","5469","21458","19140","28953","32868","61821","1884","4060"
"11/08/2024","54423","32789","87212","15990","5461","21451","19096","28909","32789","61698","1886","4063"
"11/07/2024","54515","32820","87335","16084","5448","21532","19108","28925","32820","61745","1884","4058"
"11/06/2024","54490","32819","87309","16043","5447","21490","19102","28929","32819","61748","1891","4071"
"11/05/2024","54498","32727","87225","16092","5465","21557","19060","28873","32727","61600","1890","4068"
"11/04/2024","54515","32683","87198","16145","5459","21604","19047","28857","32683","61540","1884","4054"
"11/03/2024","54462","32703","87165","16102","5445","21547","19051","28874","32703","61577","1878","4041"
"11/02/2024","54307","32714","87021","15975","5425","21400","19051","28875","32714","61589","1874","4032"
"11/01/2024","54392","32806","87198","15965","5406","21371","19108","28960","32806","61766","1887","4061"
"10/31/2024","54436","32784","87220","16000","5437","21437","19096","28952","32784","61736","1881","4047"
"10/30/2024","54439","32767","87206","16013","5425","21438","19086","28949","32767","61716","1883","4052"
"10/29/2024","54459","32765","87224","16047","5446","21493","19076","28946","32765","61711","1868","4020"
"10/28/2024","54449","32779","87228","16020","5438","21458","19073","28960","32779","61739","1874","4031"
"10/27/2024","54430","32844","87274","15966","5433","21399","19116","29018","32844","61862","1865","4013"
"10/26/2024","54365","32821","87186","15895","5432","21327","19122","29016","32821","61837","1870","4022"
"10/25/2024","54367","32769","87136","15941","5413","21354","19095","28977","32769","61746","1875","4036"
"10/24/2024","54373","32778","87151","15955","5394","21349","19100","28989","32778","61767","1874","4035"
"10/23/2024","54362","32781","87143","15916","5401","21317","19114","29015","32781","61796","1871","4030"
"10/22/2024","54347","32783","87130","15930","5391","21321","19103","29000","32783","61783","1871","4026"
"10/21/2024","54384","32783","87167","15917","5378","21295","19114","29031","32783","61814","1887","4058"
"10/20/2024","54333","32833","87166","15867","5360","21227","19132","29063","32833","61896","1879","4043"
"10/19/2024","54293","32834","87127","15837","5360","21197","19129","29065","32834","61899","1873","4031"
"10/18/2024","54290","32835","87125","15844","5365","21209","19134","29064","32835","61899","1867","4017"
"10/17/2024","54439","32901","87340","15907","5365","21272","19167","29129","32901","62030","1877","4038"
"10/16/2024","54506","32958","87464","15931","5359","21290","19194","29191","32958","62149","1871","4025"
"10/15/2024","54526","33017","87543","15910","5322","21232","19246","29260","33017","62277","1875","4034"
"10/14/2024","54416","33015","87431","15827","5305","21132","19249","29276","33015","62291","1862","4008"
"10/13/2024","54210","32996","87206","15699","5285","20984","19227","29239","32996","62235","1852","3987"
"10/12/2024","54223","33013","87236","15649","5295","20944","19239","29260","33013","62273","1867","4019"
"10/11/2024","54245","33040","87285","15645","5298","20943","19244","29286","33040","62326","1866","4016"
"10/10/2024","54279","33022","87301","15671","5288","20959","19248","29304","33022","62326","1865","4016"
"10/09/2024","54264","33037","87301","15628","5271","20899","19266","29349","33037","62386","1864","4016"
"10/08/2024","54215","33003","87218","15572","5299","20871","19245","29335","33003","62338","1863","4009"
"10/07/2024","54150","32986","87136","15516","5274","20790","19235","29324","32986","62310","1876","4036"
"10/06/2024","54024","32875","86899","15481","5267","20748","19186","29268","32875","62143","1862","4008"
"10/05/2024","53905","32844","86749","15402","5254","20656","19162","29234","32844","62078","1866","4015"
"10/04/2024","54082","33076","87158","15382","5251","20633","19304","29422","33076","62498","1872","4027"
"10/03/2024","54178","33069","87247","15477","5270","20747","19287","29405","33069","62474","1872","4026"
"10/02/2024","54268","33154","87422","15443","5285","20728","19354","29513","33154","62667","1871","4027"
"10/01/2024","54309","33124","87433","15496","5262","20758","19344","29503","33124","62627","1880","4048"
"09/30/2024","54298","33154","87452","15495","5245","20740","19354","29534","33154","62688","1869","4024"
"09/29/2024","54294","33186","87480","15457","5247","20704","19369","29568","33186","62754","1868","4022"
"09/28/2024","54222","33156","87378","15392","5248","20640","19343","29543","33156","62699","1876","4039"
"09/27/2024","54134","33105","87239","15382","5229","20611","19316","29520","33105","62625","1860","4003"
"09/26/2024","54226","33077","87303","15418","5261","20679","19316","29533","33077","62610","1865","4014"
"09/25/2024","54233","33135","87368","15408","5235","20643","19341","29578","33135","62713","1864","4012"
"09/24/2024","54189","33088","87277","15398","5248","20646","19307","29531","33088","62619","1864","4012"
"09/23/2024","54158","33079","87237","15394","5226","20620","19306","29534","33079","62613","1863","4004"
"09/22/2024","54127","33094","87221","15377","5205","20582","19319","29562","33094","62656","1854","3983"
"09/21/2024","54108","33127","87235","15329","5186","20515","19334","29583","33127","62710","1866","4010"
"09/20/2024","54089","33086","87175","15344","5179","20523","19305","29556","33086","62642","1866","4010"
"09/19/2024","54219","33125","87344","15427","5190","20617","19330","29603","33125","62728","1862","3999"
"09/18/2024","54189","33113","87302","15420","5181","20601","19329","29596","33113","62709","1858","3992"
"09/17/2024","54256","33133","87389","15422","5193","20615","19342","29643","33133","62776","1861","3998"
"09/16/2024","54251","33121","87372","15422","5173","20595","19342","29657","33121","62778","1861","3999"
"09/15/2024","54190","33133","87323","15376","5129","20505","19364","29697","33133","62830","1856","3988"
"09/14/2024","53966","33129","87095","15181","5139","20320","19351","29680","33129","62809","1845","3966"
"09/13/2024","54184","33132","87316","15370","5150","20520","19357","29688","33132","62820","1850","3976"
"09/12/2024","54320","33200","87520","15436","5143","20579","19403","29746","33200","62946","1858","3995"
"09/11/2024","54316","33238","87554","15407","5139","20546","19407","29771","33238","63009","1859","3999"
"09/10/2024","54217","33233","87450","15316","5128","20444","19404","29764","33233","62997","1865","4009"
"09/09/2024","54435","33250","87685","15455","5140","20595","19440","29824","33250","63074","1868","4016"
"09/08/2024","54446","33347","87793","15428","5104","20532","19488","29905","33347","63252","1866","4009"
"09/07/2024","54322","33269","87591","15365","5109","20474","19446","29852","33269","63121","1859","3996"
"09/06/2024","54253","33290","87543","15328","5107","20435","19432","29839","33290","63129","1851","3979"
"09/05/2024","54357","33398","87755","15364","5121","20485","19483","29910","33398","63308","1843","3962"
"09/04/2024","54408","33376","87784","15378","5130","20508","19482","29919","33376","63295","1852","3981"
"09/03/2024","54524","33426","87950","15397","5150","20547","19505","29969","33426","63395","1864","4008"
"09/02/2024","54457","33468","87925","15351","5112","20463","19527","30006","33468","63474","1853","3988"
"09/01/2024","54359","33463","87822","15293","5095","20388","19514","29994","33463","63457","1848","3977"
"08/31/2024","54366","33400","87766","15307","5116","20423","19483","29953","33400","63353","1854","3990"
"08/30/2024","54363","33391","87754","15309","5109","20418","19482","29952","33391","63343","1856","3993"
"08/29/2024","54365","33323","87688","15373","5110","20483","19442","29904","33323","63227","1850","3978"
"08/28/2024","54413","33320","87733","15349","5142","20491","19442","29917","33320","63237","1863","4005"
"08/27/2024","54242","33253","87495","15253","5116","20369","19412","29859","33253","63112","1867","4014"
"08/26/2024","54409","33274","87683","15423","5112","20535","19397","29854","33274","63128","1870","4020"
"08/25/2024","54384","33305","87689","15349","5105","20454","19433","29912","33305","63217","1869","4018"
"08/24/2024","54304","33330","87634","15244","5106","20350","19437","29924","33330","63254","1875","4030"
"08/23/2024","54319","33277","87596","15292","5113","20405","19411","29897","33277","63174","1869","4017"
"08/22/2024","54460","33255","87715","15418","5131","20549","19409","29903","33255","63158","1865","4008"
"08/21/2024","54412","33273","87685","15386","5118","20504","19408","29902","33273","63175","1865","4006"
"08/20/2024","54426","33223","87649","15423","5117","20540","19389","29883","33223","63106","1863","4003"
"08/19/2024","54334","33164","87498","15381","5087","20468","19351","29838","33164","63002","1874","4028"
"08/18/2024","54312","33189","87501","15327","5115","20442","19365","29838","33189","63027","1876","4032"
"08/17/2024","54202","33210","87412","15231","5113","20344","19382","29873","33210","63083","1854","3985"
"08/16/2024","54313","33281","87594","15287","5093","20380","19402","29916","33281","63197","1869","4017"
"08/15/2024","54406","33323","87729","15280","5129","20409","19439","29968","33323","63291","1874","4029"
"08/14/2024","54388","33291","87679","15265","5139","20404","19421","29965","33291","63256","1869","4019"
"08/13/2024","54272","33220","87492","15253","5118","20371","19378","29898","33220","63118","1861","4003"
"08/12/2024","54302","33243","87545","15211","5117","20328","19411","29947","33243","63190","1873","4027"
"08/11/2024","54298","33280","87578","15208","5105","20313","19445","29989","33280","63269","1859","3996"
"08/10/2024","54246","33268","87514","15186","5075","20261","19441","29987","33268","63255","1860","3998"
"08/09/2024","54270","33248","87518","15205","5084","20289","19424","29971","33248","63219","1866","4010"
"08/08/2024","54316","33257","87573","15254","5073","20327","19431","29991","33257","63248","1859","3998"
"08/07/2024","54196","33244","87440","15156","5077","20233","19420","29980","33244","63224","1853","3983"
"08/06/2024","54146","33226","87372","15078","5079","20157","19423","29989","33226","63215","1862","4000"
"08/05/2024","54080","33194","87274","15027","5085","20112","19407","29982","33194","63176","1856","3986"
"08/04/2024","53981","33168","87149","14973","5080","20053","19379","29952","33168","63120","1850","3976"
"08/03/2024","53874","33136","87010","14924","5068","19992","19358","29907","33136","63043","1850","3975"
"08/02/2024","53868","33137","87005","14948","5057","20005","19339","29878","33137","63015","1854","3985"
"08/01/2024","53924","33140","87064","14997","5043","20040","19325","29882","33140","63022","1861","4002"
"07/31/2024","53884","33156","87040","14922","5048","19970","19334","29884","33156","63040","1875","4030"
"07/30/2024","53916","33141","87057","14905","5085","19990","19324","29876","33141","63017","1886","4050"
"07/29/2024","53918","33101","87019","14915","5080","19995","19318","29874","33101","62975","1885","4049"
"07/28/2024","53730","33088","86818","14806","5038","19844","19307","29846","33088","62934","1881","4040"
"07/27/2024","53666","33034","86700","14767","5049","19816","19281","29813","33034","62847","1881","4037"
"07/26/2024","53760","33013","86773","14884","5039","19923","19262","29781","33013","62794","1889","4056"
"07/25/2024","53814","33021","86835","14906","5054","19960","19274","29788","33021","62809","1893","4066"
"07/24/2024","53796","32980","86776","14901","5071","19972","19242","29751","32980","62731","1897","4073"
"07/23/2024","53776","32957","86733","14890","5061","19951","19225","29728","32957","62685","1908","4097"
"07/22/2024","53643","32930","86573","14846","5040","19886","19184","29671","32930","62601","1903","4086"
"07/21/2024","53629","32996","86625","14779","5036","19815","19217","29728","32996","62724","1903","4086"
"07/20/2024","53643","33036","86679","14781","5019","19800","19247","29768","33036","62804","1899","4075"
"07/19/2024","53627","33007","86634","14806","5016","19822","19226","29730","33007","62737","1899","4075"
"07/18/2024","53635","33023","86658","14836","5011","19847","19217","29737","33023","62760","1887","4051"
"07/17/2024","53746","32978","86724","14896","5050","19946","19209","29730","32978","62708","1894","4070"
"07/16/2024","53822","33015","86837","14942","5045","19987","19224","29768","33015","62783","1892","4067"
"07/15/2024","53713","32977","86690","14909","5023","19932","19191","29731","32977","62708","1884","4050"
"07/14/2024","53658","32962","86620","14881","4989","19870","19185","29720","32962","62682","1892","4068"
"07/13/2024","53597","32961","86558","14798","4988","19786","19186","29724","32961","62685","1901","4087"
"07/12/2024","53563","32949","86512","14788","4973","19761","19180","29714","32949","62663","1902","4088"
"07/11/2024","53525","32969","86494","14739","4981","19720","19185","29723","32969","62692","1901","4082"
"07/10/2024","53487","32929","86416","14779","4965","19744","19153","29675","32929","62604","1893","4068"
"07/09/2024","53594","32978","86572","14869","4941","19810","19182","29721","32978","62699","1889","4063"
"07/08/2024","53600","32968","86568","14838","4939","19777","19188","29744","32968","62712","1896","4079"
"07/07/2024","53441","32940","86381","14791","4893","19684","19174","29723","32940","62663","1875","4034"
"07/06/2024","53396","32897","86293","14780","4892","19672","19142","29675","32897","62572","1882","4049"
"07/05/2024","53559","32900","86459","14910","4897","19807","19149","29689","32900","62589","1890","4063"
"07/04/2024","53531","32938","86469","14843","4901","19744","19178","29733","32938","62671","1886","4054"
"07/03/2024","53688","32920","86608","14983","4957","19940","19165","29730","32920","62650","1871","4018"
"07/02/2024","53840","33040","86880","15016","4976","19992","19213","29819","33040","62859","1876","4029"
"07/01/2024","54061","33052","87113","15172","4988","20160","19243","29868","33052","62920","1877","4033"
"06/30/2024","53971","33065","87036","15117","4958","20075","19249","29878","33065","62943","1869","4018"
"06/29/2024","53913","32995","86908","15116","4953","20069","19213","29829","32995","62824","1868","4015"
"06/28/2024","53907","32979","86886","15121","4944","20065","19201","29820","32979","62799","1871","4022"
"06/27/2024","54092","32955","87047","15309","4973","20282","19192","29815","32955","62770","1859","3995"
"06/26/2024","54057","32959","87016","15285","4976","20261","19178","29798","32959","62757","1860","3998"
"06/25/2024","54081","32987","87068","15294","4963","20257","19202","29827","32987","62814","1860","3997"
"06/24/2024","54099","32932","87031","15337","4967","20304","19170","29774","32932","62706","1872","4021"
"06/23/2024","54055","32903","86958","15333","4977","20310","19144","29731","32903","62634","1869","4014"
"06/22/2024","53993","32885","86878","15321","4967","20288","19117","29680","32885","62565","1875","4025"
"06/21/2024","53990","32849","86839","15319","4976","20295","19099","29667","32849","62516","1877","4028"
"06/20/2024","54051","32856","86907","15389","4988","20377","19106","29663","32856","62519","1867","4011"
"06/19/2024","54035","32853","86888","15402","4977","20379","19097","29655","32853","62508","1862","4001"
"06/18/2024","53917","32754","86671","15345","4970","20315","19058","29596","32754","62350","1863","4006"
"06/17/2024","54015","32769","86784","15401","4978","20379","19078","29621","32769","62390","1867","4015"
"06/16/2024","53986","32783","86769","15361","4972","20333","19084","29632","32783","62415","1871","4021"
"06/15/2024","53961","32746","86707","15352","4981","20333","19061","29594","32746","62340","1878","4034"
"06/14/2024","53983","32728","86711","15416","4964","20380","19045","29596","32728","62324","1866","4007"
"06/13/2024","53933","32711","86644","15399","4974","20373","19030","29579","32711","62290","1853","3981"
"06/12/2024","53906","32666","86572","15431","4980","20411","18998","29526","32666","62192","1848","3969"
"06/11/2024","54037","32718","86755","15489","4988","20477","19037","29585","32718","62303","1850","3975"
"06/10/2024","54007","32707","86714","15440","4984","20424","19028","29591","32707","62298","1858","3992"
"06/09/2024","53846","32665","86511","15348","4985","20333","19002","29552","32665","62217","1844","3961"
"06/08/2024","53835","32635","86470","15396","4967","20363","18979","29511","32635","62146","1843","3961"
"06/07/2024","53884","32643","86527","15373","4994","20367","18976","29517","32643","62160","1861","4000"
"06/06/2024","53969","32667","86636","15425","5012","20437","18987","29524","32667","62191","1866","4008"
"06/05/2024","53970","32662","86632","15437","5028","20465","18975","29505","32662","62167","1862","4000"
"06/04/2024","53880","32567","86447","15400","5035","20435","18927","29456","32567","62023","1856","3989"
"06/03/2024","53846","32605","86451","15321","5029","20350","18938","29487","32605","62092","1866","4009"
"06/02/2024","53817","32570","86387","15310","5029","20339","18927","29488","32570","62058","1856","3990"
"06/01/2024","53798","32578","86376","15297","5006","20303","18947","29512","32578","62090","1852","3983"
"05/31/2024","53857","32587","86444","15353","5012","20365","18943","29510","32587","62097","1851","3982"
"05/30/2024","53880","32570","86450","15341","5032","20373","18949","29517","32570","62087","1856","3990"
"05/29/2024","53872","32560","86432","15346","5002","20348","18955","29540","32560","62100","1853","3984"
"05/28/2024","53911","32552","86463","15393","4994","20387","18957","29545","32552","62097","1851","3979"
"05/27/2024","53793","32601","86394","15274","5013","20287","18977","29560","32601","62161","1833","3946"
"05/26/2024","53742","32605","86347","15243","5006","20249","18962","29535","32605","62140","1839","3958"
"05/25/2024","53648","32583","86231","15184","4999","20183","18942","29513","32583","62096","1836","3952"
"05/24/2024","53728","32569","86297","15235","5010","20245","18930","29519","32569","62088","1842","3964"
"05/23/2024","53704","32575","86279","15253","4991","20244","18925","29500","32575","62075","1839","3960"
"05/22/2024","53751","32578","86329","15278","5019","20297","18927","29504","32578","62082","1834","3950"
"05/21/2024","53799","32612","86411","15322","5016","20338","18942","29527","32612","62139","1828","3934"
"05/20/2024","53776","32576","86352","15309","5009","20318","18937","29515","32576","62091","1831","3943"
"05/19/2024","53739","32555","86294","15269","5012","20281","18934","29519","32555","62074","1828","3939"
"05/18/2024","53663","32519","86182","15257","4983","20240","18914","29489","32519","62008","1826","3934"
"05/17/2024","53729","32604","86333","15240","4973","20213","18962","29565","32604","62169","1834","3951"
"05/16/2024","53803","32676","86479","15267","5009","20276","18991","29594","32676","62270","1826","3933"
"05/15/2024","53897","32737","86634","15254","5018","20272","19030","29655","32737","62392","1844","3970"
"05/14/2024","53835","32647","86482","15232","5020","20252","18987","29599","32647","62246","1850","3984"
"05/13/2024","53829","32634","86463","15277","5021","20298","18970","29590","32634","62224","1829","3941"
"05/12/2024","53838","32715","86553","15208","5023","20231","19036","29677","32715","62392","1824","3930"
"05/11/2024","53894","32683","86577","15281","5038","20319","18999","29631","32683","62314","1831","3944"
"05/10/2024","53903","32674","86577","15288","5032","20320","19002","29625","32674","62299","1837","3958"
"05/09/2024","54114","32744","86858","15458","5016","20474","19028","29673","32744","62417","1840","3967"
"05/08/2024","54060","32754","86814","15406","5011","20417","19021","29664","32754","62418","1847","3979"
"05/07/2024","54050","32715","86765","15435","4996","20431","19006","29649","32715","62364","1843","3970"
"05/06/2024","54089","32723","86812","15456","5009","20465","19002","29646","32723","62369","1847","3978"
"05/05/2024","54028","32732","86760","15431","4985","20416","18999","29636","32732","62368","1846","3976"
"05/04/2024","53993","32699","86692","15406","4985","20391","18980","29611","32699","62310","1853","3991"
"05/03/2024","53983","32639","86622","15399","4998","20397","18949","29581","32639","62220","1860","4005"
"05/02/2024","54024","32634","86658","15446","5002","20448","18941","29570","32634","62204","1861","4006"
"05/01/2024","53913","32544","86457","15432","4993","20425","18887","29492","32544","62036","1856","3996"
"04/30/2024","53853","32530","86383","15375","5018","20393","18873","29477","32530","62007","1850","3983"
"04/29/2024","53803","32513","86316","15297","5027","20324","18865","29475","32513","61988","1859","4004"
"04/28/2024","53697","32521","86218","15226","5009","20235","18860","29484","32521","62005","1845","3978"
"04/27/2024","53690","32493","86183","15236","5010","20246","18844","29465","32493","61958","1847","3979"
"04/26/2024","53680","32424","86104","15251","5022","20273","18809","29414","32424","61838","1854","3993"
"04/25/2024","53732","32431","86163","15321","5003","20324","18824","29427","32431","61858","1849","3981"
"04/24/2024","53773","32435","86208","15289","5049","20338","18826","29439","32435","61874","1858","3996"
"04/23/2024","53669","32382","86051","15243","5068","20311","18775","29365","32382","61747","1857","3993"
"04/22/2024","53590","32375","85965","15174","5035","20209","18775","29372","32375","61747","1864","4009"
"04/21/2024","53505","32386","85891","15097","5041","20138","18780","29386","32386","61772","1850","3981"
"04/20/2024","53457","32373","85830","15043","5024","20067","18784","29393","32373","61766","1858","3997"
"04/19/2024","53622","32463","86085","15104","5060","20164","18838","29465","32463","61928","1858","3993"
"04/18/2024","53701","32537","86238","15106","5054","20160","18883","29542","32537","62079","1860","3999"
"04/17/2024","53553","32494","86047","15009","5058","20067","18857","29511","32494","62005","1848","3975"
"04/16/2024","53479","32452","85931","14952","5050","20002","18847","29481","32452","61933","1857","3996"
"04/15/2024","52884","31934","84818","14904","5012","19916","18577","28957","31934","60891","1864","4011"
"04/14/2024","52890","32007","84897","14887","5000","19887","18608","28999","32007","61006","1861","4004"
"04/13/2024","52977","31976","84953","14941","5014","19955","18585","28981","31976","60957","1880","4041"
"04/12/2024","53000","31983","84983","14910","5033","19943","18594","29003","31983","60986","1886","4054"
"04/11/2024","53171","32018","85189","15001","5042","20043","18614","29029","32018","61047","1905","4099"
"04/10/2024","53243","32000","85243","14920","5055","19975","18599","29034","32000","61034","1972","4234"
"04/09/2024","53298","31992","85290","14931","5027","19958","18600","29051","31992","61043","1998","4289"
"04/08/2024","53333","32012","85345","14883","5048","19931","18631","29101","32012","61113","2004","4301"
"04/07/2024","53208","32063","85271","14719","5035","19754","18647","29109","32063","61172","2027","4345"
"04/06/2024","53168","32040","85208","14727","5003","19730","18639","29096","32040","61136","2025","4342"
"04/05/2024","53390","32086","85476","14869","5038","19907","18663","29133","32086","61219","2029","4350"
"04/04/2024","53384","32026","85410","14894","5047","19941","18633","29099","32026","61125","2029","4344"
"04/03/2024","53375","31986","85361","14892","5060","19952","18627","29079","31986","61065","2028","4344"
"04/02/2024","53328","31964","85292","14850","5052","19902","18619","29083","31964","61047","2026","4343"
"04/01/2024","53299","31980","85279","14813","5038","19851","18634","29093","31980","61073","2033","4355"
"03/31/2024","53315","32056","85371","14769","5044","19813","18667","29144","32056","61200","2032","4358"
"03/30/2024","53318","32005","85323","14798","5057","19855","18638","29103","32005","61108","2033","4360"
"03/29/2024","53355","31993","85348","14826","5061","19887","18629","29095","31993","61088","2039","4373"
"03/28/2024","53426","32055","85481","14848","5058","19906","18670","29155","32055","61210","2034","4365"
"03/27/2024","53389","32016","85405","14854","5056","19910","18638","29105","32016","61121","2038","4374"
"03/26/2024","53393","31940","85333","14910","5072","19982","18605","29041","31940","60981","2036","4370"
"03/25/2024","53449","32022","85471","14919","5066","19985","18635","29087","32022","61109","2039","4377"
"03/24/2024","53498","32085","85583","14899","5069","19968","18691","29168","32085","61253","2032","4362"
"03/23/2024","53493","32056","85549","14907","5060","19967","18673","29138","32056","61194","2046","4388"
"03/22/2024","53534","32119","85653","14933","5050","19983","18700","29169","32119","61288","2043","4382"
"03/21/2024","53648","32154","85802","14942","5078","20020","18723","29231","32154","61385","2050","4397"
"03/20/2024","53603","32143","85746","14914","5063","19977","18735","29246","32143","61389","2044","4380"
"03/19/2024","53604","32166","85770","14923","5053","19976","18737","29234","32166","61400","2049","4394"
"03/18/2024","53618","32216","85834","14915","5040","19955","18760","29265","32216","61481","2050","4398"
"03/17/2024","53728","32394","86122","14840","5027","19867","18892","29469","32394","61863","2046","4392"
"03/16/2024","53629","32355","85984","14759","5024","19783","18865","29440","32355","61795","2054","4406"
"03/15/2024","53684","32375","86059","14826","5005","19831","18869","29447","32375","61822","2054","4406"
"03/14/2024","53750","32338","86088","14838","5068","19906","18863","29440","32338","61778","2054","4404"
"03/13/2024","53757","32347","86104","14799","5063","19862","18877","29461","32347","61808","2068","4434"
"03/12/2024","53723","32335","86058","14717","5071","19788","18882","29471","32335","61806","2084","4464"
"03/11/2024","53797","32425","86222","14732","5064","19796","18938","29544","32425","61969","2080","4457"
"03/10/2024","53763","32435","86198","14719","5052","19771","18941","29551","32435","61986","2072","4441"
"03/09/2024","53753","32399","86152","14741","5041","19782","18934","29532","32399","61931","2071","4439"
"03/08/2024","53766","32504","86270","14666","5044","19710","18982","29613","32504","62117","2071","4443"
"03/07/2024","53709","32475","86184","14617","5043","19660","18961","29590","32475","62065","2080","4459"
"03/06/2024","53839","32521","86360","14676","5060","19736","18983","29623","32521","62144","2090","4480"
"03/05/2024","53974","32592","86566","14725","5063","19788","19033","29688","32592","62280","2098","4498"
"03/04/2024","54170","32635","86805","14713","5054","19767","19057","29744","32635","62379","2179","4659"
"03/03/2024","54141","32661","86802","14648","5023","19671","19070","29771","32661","62432","2201","4699"
"03/02/2024","54124","32623","86747","14659","5037","19696","19050","29738","32623","62361","2197","4690"
"03/01/2024","54195","32650","86845","14644","5047","19691","19086","29793","32650","62443","2208","4711"
"02/29/2024","54299","32635","86934","14721","5055","19776","19080","29786","32635","62421","2219","4737"
"02/28/2024","54391","32691","87082","14770","5049","19819","19096","29809","32691","62500","2231","4763"
"02/27/2024","54475","32684","87159","14843","5032","19875","19090","29807","32684","62491","2246","4793"
"02/26/2024","54591","32724","87315","14957","4987","19944","19106","29847","32724","62571","2250","4800"
"02/25/2024","54692","32802","87494","14970","5017","19987","19159","29925","32802","62727","2241","4780"
"02/24/2024","54703","32806","87509","14974","5003","19977","19164","29921","32806","62727","2252","4805"
"02/23/2024","54705","32802","87507","14968","5004","19972","19148","29911","32802","62713","2260","4822"
"02/22/2024","54798","32829","87627","14996","5009","20005","19165","29947","32829","62776","2272","4846"
"02/21/2024","54841","32890","87731","14963","5023","19986","19199","30016","32890","62906","2268","4839"
"02/20/2024","54937","32922","87859","14993","5027","20020","19220","30048","32922","62970","2283","4869"
"02/19/2024","54925","32932","87857","15026","5000","20026","19221","30045","32932","62977","2275","4854"
"02/18/2024","55013","32973","87986","15066","5008","20074","19244","30090","32973","63063","2273","4849"
"02/17/2024","55069","32935","88004","15175","4985","20160","19215","30048","32935","62983","2279","4861"
"02/16/2024","55109","32988","88097","15165","4992","20157","19243","30082","32988","63070","2283","4870"
"02/15/2024","55249","33010","88259","15152","5100","20252","19258","30111","33010","63121","2291","4886"
"02/14/2024","55196","33046","88242","15104","5075","20179","19286","30137","33046","63183","2289","4880"
"02/13/2024","55278","33063","88341","15117","5094","20211","19309","30167","33063","63230","2299","4900"
"02/12/2024","55212","33075","88287","15068","5087","20155","19322","30182","33075","63257","2286","4875"
"02/11/2024","55281","33156","88437","15111","5062","20173","19370","30253","33156","63409","2277","4855"
"02/10/2024","55336","33152","88488","15141","5093","20234","19357","30227","33152","63379","2286","4875"
"02/09/2024","55437","33215","88652","15177","5099","20276","19398","30291","33215","63506","2285","4870"
"02/08/2024","55537","33184","88721","15270","5116","20386","19372","30248","33184","63432","2301","4903"
"02/07/2024","55747","33251","88998","15422","5107","20529","19420","30318","33251","63569","2299","4900"
"02/06/2024","55850","33307","89157","15463","5118","20581","19461","30394","33307","63701","2286","4875"
"02/05/2024","55784","33303","89087","15428","5094","20522","19448","30376","33303","63679","2292","4886"
"02/04/2024","55677","33341","89018","15332","5067","20399","19480","30411","33341","63752","2282","4867"
"02/03/2024","55764","33403","89167","15329","5057","20386","19533","30487","33403","63890","2293","4891"
"02/02/2024","55762","33373","89135","15341","5075","20416","19506","30459","33373","63832","2292","4887"
"02/01/2024","55819","33367","89186","15400","5067","20467","19508","30473","33367","63840","2288","4879"
"01/31/2024","55752","33212","88964","15457","5092","20549","19439","30339","33212","63551","2280","4864"
"01/30/2024","55857","33288","89145","15466","5100","20566","19489","30417","33288","63705","2287","4874"
"01/29/2024","55795","33316","89111","15403","5071","20474","19505","30449","33316","63765","2286","4872"
"01/28/2024","55676","33324","89000","15309","5047","20356","19513","30457","33324","63781","2281","4863"
"01/27/2024","55658","33323","88981","15266","5053","20319","19523","30472","33323","63795","2283","4867"
"01/26/2024","55653","33328","88981","15257","5056","20313","19526","30479","33328","63807","2281","4861"
"01/25/2024","55748","33342","89090","15316","5070","20386","19525","30481","33342","63823","2291","4881"
"01/24/2024","55765","33355","89120","15319","5043","20362","19536","30492","33355","63847","2305","4911"
"01/23/2024","55699","33342","89041","15258","5064","20322","19524","30479","33342","63821","2298","4898"
"01/22/2024","55672","33362","89034","15218","5055","20273","19523","30485","33362","63847","2306","4914"
"01/21/2024","55690","33333","89023","15239","5068","20307","19527","30490","33333","63823","2295","4893"
"01/20/2024","55667","33330","88997","15260","5052","20312","19518","30468","33330","63798","2293","4887"
"01/19/2024","55649","33347","88996","15235","5037","20272","19543","30509","33347","63856","2283","4868"
"01/18/2024","55838","33341","89179","15348","5082","20430","19556","30534","33341","63875","2286","4874"
"01/17/2024","55815","33348","89163","15267","5087","20354","19579","30578","33348","63926","2292","4883"
"01/16/2024","55945","33379","89324","15377","5085","20462","19590","30606","33379","63985","2289","4877"
"01/15/2024","55964","33387","89351","15405","5067","20472","19611","30644","33387","64031","2275","4848"
"01/14/2024","56017","33431","89448","15398","5069","20467","19641","30681","33431","64112","2285","4869"
"01/13/2024","55882","33348","89230","15381","5038","20419","19596","30597","33348","63945","2283","4866"
"01/12/2024","55935","33413","89348","15406","5023","20429","19627","30650","33413","64063","2278","4856"
"01/11/2024","56064","33404","89468","15536","5033","20569","19620","30625","33404","64029","2284","4870"
"01/10/2024","56020","33382","89402","15502","5055","20557","19602","30607","33382","63989","2277","4856"
"01/09/2024","55802","33380","89182","15404","4962","20366","19590","30568","33380","63948","2282","4868"
"01/08/2024","55826","33303","89129","15456","4999","20455","19554","30517","33303","63820","2275","4854"
"01/07/2024","55912","33253","89165","15556","4997","20553","19546","30513","33253","63766","2271","4846"
"01/06/2024","55725","33194","88919","15485","4964","20449","19496","30455","33194","63649","2259","4821"
"01/05/2024","55746","33179","88925","15528","4947","20475","19483","30449","33179","63628","2258","4822"
"01/04/2024","55734","33155","88889","15563","4957","20520","19452","30400","33155","63555","2255","4814"
"01/03/2024","55798","33183","88981","15604","4950","20554","19472","30437","33183","63620","2253","4807"
"01/02/2024","55939","33220","89159","15708","4936","20644","19485","30473","33220","63693","2260","4822"
"01/01/2024","55691","33243","88934","15464","4895","20359","19492","30483","33243","63726","2274","4849"
"12/31/2023","55622","33152","88774","15556","4884","20440","19423","30376","33152","63528","2253","4806"
"12/30/2023","55719","33086","88805","15718","4891","20609","19383","30317","33086","63403","2247","4793"
"12/29/2023","55649","32970","88619","15720","4895","20615","19333","30232","32970","63202","2251","4802"
"12/28/2023","55755","32927","88682","15818","4941","20759","19316","30207","32927","63134","2247","4789"
"12/27/2023","55733","32988","88721","15756","4934","20690","19358","30261","32988","63249","2245","4782"
"12/26/2023","55617","32885","88502","15744","4924","20668","19291","30164","32885","63049","2247","4785"
"12/25/2023","55642","32929","88571","15757","4923","20680","19313","30203","32929","63132","2234","4759"
"12/24/2023","55593","32929","88522","15743","4928","20671","19304","30190","32929","63119","2220","4732"
"12/23/2023","55607","32947","88554","15786","4924","20710","19302","30181","32947","63128","2212","4716"
"12/22/2023","55681","32959","88640","15819","4941","20760","19302","30197","32959","63156","2216","4724"
"12/21/2023","55884","33040","88924","15931","4976","20907","19340","30265","33040","63305","2211","4712"
"12/20/2023","56043","33062","89105","15976","5058","21034","19356","30263","33062","63325","2227","4746"
"12/19/2023","56187","33076","89263","16062","5086","21148","19384","30291","33076","63367","2225","4748"
"12/18/2023","56095","33097","89192","15987","5063","21050","19392","30296","33097","63393","2226","4749"
"12/17/2023","56078","33089","89167","16002","5050","21052","19380","30269","33089","63358","2232","4757"
"12/16/2023","56049","33072","89121","16003","5031","21034","19360","30248","33072","63320","2237","4767"
"12/15/2023","56139","33015","89154","16062","5052","21114","19355","30244","33015","63259","2243","4781"
"12/14/2023","56156","33034","89190","16063","5053","21116","19358","30261","33034","63295","2240","4779"
"12/13/2023","56315","33084","89399","16170","5067","21237","19372","30298","33084","63382","2240","4780"
"12/12/2023","56436","33072","89508","16302","5064","21366","19369","30286","33072","63358","2241","4784"
"12/11/2023","56391","33069","89460","16278","5067","21345","19363","30280","33069","63349","2233","4766"
"12/10/2023","56419","33139","89558","16268","5062","21330","19393","30319","33139","63458","2236","4770"
"12/09/2023","56304","33117","89421","16164","5062","21226","19376","30302","33117","63419","2238","4776"
"12/08/2023","56287","33057","89344","16179","5068","21247","19348","30259","33057","63316","2241","4781"
"12/07/2023","56356","33037","89393","16253","5078","21331","19347","30265","33037","63302","2233","4760"
"12/06/2023","56382","33055","89437","16230","5075","21305","19352","30292","33055","63347","2245","4785"
"12/05/2023","56273","33048","89321","16137","5072","21209","19350","30289","33048","63337","2239","4775"
"12/04/2023","56306","33135","89441","16083","5062","21145","19389","30354","33135","63489","2252","4807"
"12/03/2023","56284","33147","89431","16053","5077","21130","19398","30361","33147","63508","2245","4793"
"12/02/2023","56241","33114","89355","16048","5057","21105","19377","30334","33114","63448","2251","4802"
"12/01/2023","56233","33027","89260","16098","5040","21138","19331","30275","33027","63302","2260","4820"
"11/30/2023","56263","33033","89296","16068","5084","21152","19320","30276","33033","63309","2267","4835"
"11/29/2023","56192","33013","89205","16005","5086","21091","19316","30262","33013","63275","2270","4839"
"11/28/2023","56211","33008","89219","16071","5080","21151","19301","30243","33008","63251","2258","4817"
"11/27/2023","56176","33042","89218","16017","5072","21089","19309","30250","33042","63292","2271","4837"
"11/26/2023","56139","33079","89218","15973","5074","21047","19329","30279","33079","63358","2259","4813"
"11/25/2023","56209","33156","89365","15979","5040","21019","19385","30352","33156","63508","2270","4838"
"11/24/2023","56160","33150","89310","15919","5049","20968","19365","30337","33150","63487","2278","4855"
"11/23/2023","56162","33182","89344","15888","5052","20940","19376","30348","33182","63530","2288","4874"
"11/22/2023","56100","33124","89224","15843","5083","20926","19347","30307","33124","63431","2283","4867"
"11/21/2023","56149","33097","89246","15891","5090","20981","19336","30303","33097","63400","2284","4865"
"11/20/2023","56155","33105","89260","15897","5091","20988","19334","30295","33105","63400","2286","4872"
"11/19/2023","55995","33103","89098","15811","5060","20871","19332","30284","33103","63387","2270","4840"
"11/18/2023","56007","33119","89126","15761","5071","20832","19352","30321","33119","63440","2277","4854"
"11/17/2023","55996","33108","89104","15766","5067","20833","19332","30290","33108","63398","2287","4873"
"11/16/2023","56131","33110","89241","15855","5069","20924","19345","30310","33110","63420","2298","4897"
"11/15/2023","56103","33104","89207","15853","5083","20936","19342","30297","33104","63401","2287","4870"
"11/14/2023","56245","33126","89371","15930","5084","21014","19368","30333","33126","63459","2301","4898"
"11/13/2023","56281","33160","89441","15916","5089","21005","19381","30369","33160","63529","2305","4907"
"11/12/2023","56122","33131","89253","15835","5062","20897","19354","30342","33131","63473","2293","4883"
"11/11/2023","56090","33136","89226","15835","5065","20900","19354","30317","33136","63453","2289","4873"
"11/10/2023","55966","33035","89001","15790","5058","20848","19292","30231","33035","63266","2294","4887"
"11/09/2023","56014","33034","89048","15812","5071","20883","19300","30233","33034","63267","2299","4898"
"11/08/2023","56011","33008","89019","15775","5082","20857","19302","30234","33008","63242","2309","4920"
"11/07/2023","56055","32938","88993","15830","5091","20921","19265","30200","32938","63138","2316","4934"
"11/06/2023","56103","32948","89051","15845","5081","20926","19272","30207","32948","63155","2335","4970"
"11/05/2023","55915","32895","88810","15784","5064","20848","19243","30134","32895","63029","2317","4933"
"11/04/2023","55878","32900","88778","15760","5070","20830","19235","30125","32900","63025","2313","4923"
"11/03/2023","55850","32874","88724","15744","5070","20814","19218","30106","32874","62980","2316","4930"
"11/02/2023","55887","32866","88753","15777","5086","20863","19217","30088","32866","62954","2319","4936"
"11/01/2023","55878","32864","88742","15769","5066","20835","19227","30119","32864","62983","2316","4924"
"10/31/2023","55810","32855","88665","15749","5056","20805","19205","30079","32855","62934","2317","4926"
"10/30/2023","55827","32881","88708","15723","5048","20771","19222","30112","32881","62993","2327","4944"
"10/29/2023","55686","32833","88519","15632","5052","20684","19198","30076","32833","62909","2319","4926"
"10/28/2023","55440","32765","88205","15511","5019","20530","19155","29999","32765","62764","2310","4911"
"10/27/2023","55334","32688","88022","15494","5003","20497","19114","29940","32688","62628","2304","4897"
"10/26/2023","55302","32660","87962","15521","4985","20506","19096","29908","32660","62568","2300","4888"
"10/25/2023","55227","32633","87860","15447","5016","20463","19091","29880","32633","62513","2296","4884"
"10/24/2023","55299","32619","87918","15520","5018","20538","19088","29879","32619","62498","2294","4882"
"10/23/2023","55268","32652","87920","15478","4997","20475","19102","29904","32652","62556","2299","4889"
"10/22/2023","55188","32666","87854","15427","4954","20381","19113","29928","32666","62594","2292","4879"
"10/21/2023","55001","32656","87657","15276","4931","20207","19104","29919","32656","62575","2290","4875"
"10/20/2023","54850","32495","87345","15276","4916","20192","19039","29826","32495","62321","2270","4832"
"10/19/2023","54838","32434","87272","15306","4964","20270","18995","29774","32434","62208","2252","4794"
"10/18/2023","54709","32350","87059","15313","4953","20266","18942","29687","32350","62037","2231","4756"
"10/17/2023","54548","32403","86951","15217","4893","20110","18986","29734","32403","62137","2205","4704"
"10/16/2023","54462","32421","86883","15162","4880","20042","19003","29741","32421","62162","2190","4679"
"10/15/2023","54442","32337","86779","15271","4860","20131","18939","29658","32337","61995","2178","4653"
"10/14/2023","54303","32297","86600","15206","4818","20024","18909","29606","32297","61903","2188","4673"
"10/13/2023","54022","32196","86218","15035","4768","19803","18864","29534","32196","61730","2194","4685"
"10/12/2023","53989","32155","86144","15000","4802","19802","18840","29499","32155","61654","2198","4688"
"10/11/2023","53832","32138","85970","14990","4664","19654","18834","29492","32138","61630","2195","4686"
"10/10/2023","53865","32139","86004","14953","4752","19705","18808","29471","32139","61610","2197","4689"
"10/09/2023","53804","32160","85964","14945","4753","19698","18824","29497","32160","61657","2157","4609"
"10/08/2023","53562","31999","85561","14946","4662","19608","18730","29353","31999","61352","2154","4601"
"10/07/2023","53566","32051","85617","14910","4667","19577","18753","29384","32051","61435","2156","4605"
"10/06/2023","53490","31917","85407","14848","4760","19608","18684","29275","31917","61192","2156","4607"
"10/05/2023","53552","31874","85426","14958","4754","19712","18661","29237","31874","61111","2155","4603"
"10/04/2023","53426","31842","85268","14928","4751","19679","18615","29172","31842","61014","2144","4575"
"10/03/2023","53402","31776","85178","14923","4753","19676","18578","29120","31776","60896","2158","4606"
"10/02/2023","53386","31784","85170","14966","4734","19700","18570","29097","31784","60881","2150","4589"
"10/01/2023","53307","31735","85042","14948","4716","19664","18559","29062","31735","60797","2146","4581"
"09/30/2023","53396","31712","85108","15009","4726","19735","18565","29066","31712","60778","2154","4595"
"09/29/2023","53422","31660","85082","15013","4759","19772","18536","29036","31660","60696","2164","4614"
"09/28/2023","53567","31680","85247","15128","4759","19887","18555","29053","31680","60733","2167","4627"
"09/27/2023","53584","31656","85240","15149","4771","19920","18542","29047","31656","60703","2162","4617"
"09/26/2023","53497","31597","85094","15078","4783","19861","18501","28998","31597","60595","2172","4638"
"09/25/2023","53387","31450","84837","15093","4807","19900","18413","28867","31450","60317","2165","4620"
"09/24/2023","53373","31565","84938","15026","4795","19821","18484","28960","31565","60525","2150","4592"
"09/23/2023","53217","31508","84725","14967","4779","19746","18439","28886","31508","60394","2146","4585"
"09/22/2023","53129","31469","84598","14915","4739","19654","18416","28860","31469","60329","2160","4615"
"09/21/2023","53209","31450","84659","14980","4789","19769","18399","28828","31450","60278","2160","4612"
"09/20/2023","53097","31403","84500","14920","4782","19702","18360","28771","31403","60174","2164","4624"
"09/19/2023","53050","31312","84362","14949","4787","19736","18318","28703","31312","60015","2159","4611"
"09/18/2023","52981","31253","84234","14937","4799","19736","18282","28642","31253","59895","2156","4603"
"09/17/2023","53006","31302","84308","14973","4762","19735","18312","28673","31302","59975","2153","4598"
"09/16/2023","53043","31293","84336","14978","4780","19758","18299","28677","31293","59970","2159","4608"
"09/15/2023","53063","31240","84303","15009","4751","19760","18280","28652","31240","59892","2180","4651"
"09/14/2023","53104","31180","84284","15090","4809","19899","18232","28570","31180","59750","2171","4635"
"09/13/2023","52995","31114","84109","15057","4792","19849","18183","28506","31114","59620","2174","4640"
"09/12/2023","53004","31076","84080","15062","4808","19870","18160","28487","31076","59563","2177","4647"
"09/11/2023","52827","30977","83804","14988","4780","19768","18112","28420","30977","59397","2172","4639"
"09/10/2023","52777","31034","83811","14938","4757","19695","18140","28455","31034","59489","2167","4627"
"09/09/2023","52721","30858","83579","14955","4770","19725","18034","28294","30858","59152","2203","4702"
"09/08/2023","52776","30812","83588","14979","4833","19812","18020","28270","30812","59082","2198","4694"
"09/07/2023","52683","30700","83383","14978","4792","19770","17960","28192","30700","58892","2211","4721"
"09/06/2023","52602","30670","83272","14953","4791","19744","17937","28147","30670","58817","2206","4711"
"09/05/2023","52654","30518","83172","15121","4770","19891","17833","28006","30518","58524","2229","4757"
"09/04/2023","52518","30468","82986","15055","4749","19804","17810","27962","30468","58430","2229","4752"
"09/03/2023","52609","30505","83114","15150","4780","19930","17816","27977","30505","58482","2203","4702"
"09/02/2023","52484","30415","82899","15080","4761","19841","17777","27919","30415","58334","2214","4724"
"09/01/2023","52542","30387","82929","15113","4797","19910","17753","27885","30387","58272","2227","4747"
"08/31/2023","52588","30287","82875","15237","4801","20038","17693","27790","30287","58077","2234","4760"
"08/30/2023","52654","30244","82898","15259","4809","20068","17665","27755","30244","57999","2269","4831"
"08/29/2023","52651","30173","82824","15330","4781","20111","17605","27688","30173","57861","2279","4852"
"08/28/2023","52792","30084","82876","15444","4766","20210","17549","27586","30084","57670","2348","4996"
"08/27/2023","52712","29998","82710","15496","4740","20236","17495","27511","29998","57509","2335","4965"
"08/26/2023","52696","29936","82632","15502","4745","20247","17465","27455","29936","57391","2347","4994"
"08/25/2023","52687","29921","82608","15396","4748","20144","17464","27457","29921","57378","2389","5086"
"08/24/2023","53315","29821","83136","15580","4783","20363","17395","27347","29821","57168","2638","5605"
"08/23/2023","53215","29738","82953","15564","4774","20338","17365","27295","29738","57033","2628","5582"
"08/22/2023","53112","29691","82803","15446","4746","20192","17334","27263","29691","56954","2665","5657"
"08/21/2023","53227","29619","82846","15621","4743","20364","17293","27198","29619","56817","2668","5665"
"08/20/2023","53361","29500","82861","15934","4729","20663","17219","27076","29500","56576","2645","5622"
"08/19/2023","53400","29383","82783","16088","4725","20813","17160","26963","29383","56346","2645","5624"
"08/18/2023","53470","29270","82740","16249","4703","20952","17100","26871","29270","56141","2657","5647"
"08/17/2023","53708","29265","82973","16449","4739","21188","17094","26851","29265","56116","2669","5669"
"08/16/2023","53943","29311","83254","16660","4706","21366","17132","26902","29311","56213","2670","5675"
"08/15/2023","54045","29215","83260","16822","4716","21538","17078","26819","29215","56034","2675","5688"
"08/14/2023","54065","29266","83331","16801","4712","21513","17090","26837","29266","56103","2689","5715"
"08/13/2023","53945","29214","83159","16709","4710","21419","17075","26809","29214","56023","2688","5717"
"08/12/2023","53924","29121","83045","16774","4707","21481","17026","26733","29121","55854","2687","5710"
"08/11/2023","53758","28916","82674","16815","4719","21534","16902","26521","28916","55437","2684","5703"
"08/10/2023","53736","28970","82706","16793","4700","21493","16915","26530","28970","55500","2688","5713"
"08/09/2023","53759","28963","82722","16801","4701","21502","16929","26533","28963","55496","2694","5724"
"08/08/2023","53753","28867","82620","16782","4734","21516","16893","26480","28867","55347","2710","5757"
"08/07/2023","53459","28727","82186","16617","4734","21351","16820","26344","28727","55071","2717","5764"
"08/06/2023","53394","28648","82042","16626","4700","21326","16781","26288","28648","54936","2723","5780"
"08/05/2023","53406","28623","82029","16677","4680","21357","16776","26270","28623","54893","2722","5779"
"08/04/2023","53462","28582","82044","16762","4661","21423","16739","26225","28582","54807","2738","5814"
"08/03/2023","53580","28552","82132","16981","4592","21573","16716","26171","28552","54723","2747","5836"
"08/02/2023","53634","28466","82100","16997","4666","21663","16683","26118","28466","54584","2757","5853"
"08/01/2023","53745","28462","82207","17023","4697","21720","16671","26121","28462","54583","2784","5904"
"07/31/2023","53830","28398","82228","17015","4708","21723","16643","26093","28398","54491","2835","6014"
"07/30/2023","53849","28392","82241","16933","4695","21628","16638","26091","28392","54483","2886","6130"
"07/29/2023","53909","28366","82275","16945","4717","21662","16635","26085","28366","54451","2900","6162"
"07/28/2023","53883","28333","82216","16999","4682","21681","16595","26038","28333","54371","2903","6164"
"07/27/2023","53977","28318","82295","17047","4772","21819","16587","26020","28318","54338","2891","6138"
"07/26/2023","53851","28290","82141","16967","4751","21718","16559","25976","28290","54266","2899","6157"
"07/25/2023","53848","28312","82160","16952","4754","21706","16564","25996","28312","54308","2895","6146"
"07/24/2023","53954","28291","82245","17050","4753","21803","16544","25979","28291","54270","2906","6172"
"07/23/2023","53801","28269","82070","16971","4710","21681","16522","25948","28269","54217","2904","6172"
"07/22/2023","53762","28324","82086","16891","4713","21604","16544","25970","28324","54294","2912","6188"
"07/21/2023","53851","28270","82121","16962","4752","21714","16527","25953","28270","54223","2910","6184"
"07/20/2023","53891","28225","82116","16943","4794","21737","16513","25940","28225","54165","2925","6214"
"07/19/2023","53797","28209","82006","16905","4784","21689","16491","25913","28209","54122","2916","6195"
"07/18/2023","53741","28205","81946","16868","4782","21650","16489","25919","28205","54124","2904","6172"
"07/17/2023","53732","28225","81957","16867","4769","21636","16490","25923","28225","54148","2905","6173"
"07/16/2023","53610","28238","81848","16813","4725","21538","16491","25923","28238","54161","2891","6149"
"07/15/2023","53560","28248","81808","16720","4747","21467","16508","25935","28248","54183","2895","6158"
"07/14/2023","53563","28162","81725","16790","4739","21529","16477","25887","28162","54049","2891","6147"
"07/13/2023","53713","28203","81916","16887","4751","21638","16505","25929","28203","54132","2894","6146"
"07/12/2023","53507","28096","81603","16781","4742","21523","16445","25850","28096","53946","2887","6134"
"07/11/2023","53469","28025","81494","16819","4732","21551","16411","25773","28025","53798","2893","6145"
"07/10/2023","53403","27927","81330","16770","4735","21505","16369","25721","27927","53648","2909","6177"
"07/09/2023","53486","27895","81381","16973","4710","21683","16337","25683","27895","53578","2881","6120"
"07/08/2023","53471","27865","81336","16943","4729","21672","16329","25665","27865","53530","2887","6134"
"07/07/2023","53545","27859","81404","16968","4719","21687","16308","25654","27859","53513","2922","6204"
"07/06/2023","53579","27818","81397","17025","4729","21754","16287","25628","27818","53446","2918","6197"
"07/05/2023","53763","27811","81574","17148","4721","21869","16306","25663","27811","53474","2935","6231"
"07/04/2023","53463","27684","81147","16965","4699","21664","16246","25552","27684","53236","2946","6247"
"07/03/2023","53493","27677","81170","17033","4703","21736","16239","25546","27677","53223","2927","6211"
"07/02/2023","53352","27630","80982","16942","4696","21638","16204","25498","27630","53128","2927","6216"
"07/01/2023","53389","27681","81070","16909","4677","21586","16240","25545","27681","53226","2948","6258"
"06/30/2023","53412","27654","81066","16927","4687","21614","16232","25539","27654","53193","2949","6259"
"06/29/2023","53545","27635","81180","17047","4700","21747","16228","25534","27635","53169","2951","6264"
"06/28/2023","53521","27560","81081","17107","4691","21798","16181","25469","27560","53029","2948","6254"
"06/27/2023","53615","27575","81190","17159","4698","21857","16194","25477","27575","53052","2960","6281"
"06/26/2023","53501","27430","80931","17133","4691","21824","16129","25377","27430","52807","2970","6300"
"06/25/2023","53516","27455","80971","17155","4661","21816","16134","25384","27455","52839","2977","6316"
"06/24/2023","53505","27395","80900","17175","4673","21848","16101","25324","27395","52719","2985","6333"
"06/23/2023","53460","27281","80741","17201","4681","21882","16030","25224","27281","52505","2995","6354"
"06/22/2023","53560","27329","80889","17259","4644","21903","16072","25279","27329","52608","3007","6378"
"06/21/2023","53542","27260","80802","17287","4676","21963","16029","25216","27260","52476","2999","6363"
"06/20/2023","53489","27131","80620","17335","4677","22012","15961","25119","27131","52250","2996","6358"
"06/19/2023","53415","27150","80565","17254","4685","21939","15971","25119","27150","52269","2995","6357"
"06/18/2023","53287","27083","80370","17199","4673","21872","15924","25051","27083","52134","2997","6364"
"06/17/2023","53494","27088","80582","17350","4679","22029","15937","25069","27088","52157","3013","6396"
"06/16/2023","53578","27069","80647","17421","4700","22121","15926","25058","27069","52127","3017","6399"
"06/15/2023","53530","26913","80443","17518","4681","22199","15843","24922","26913","51835","3022","6409"
"06/14/2023","53643","26970","80613","17557","4677","22234","15880","24978","26970","51948","3033","6431"
"06/13/2023","53640","26942","80582","17553","4685","22238","15861","24955","26942","51897","3041","6447"
"06/12/2023","53556","26893","80449","17550","4684","22234","15816","24882","26893","51775","3036","6440"
"06/11/2023","53516","26863","80379","17496","4672","22168","15814","24871","26863","51734","3053","6477"
"06/10/2023","53644","26957","80601","17499","4675","22174","15881","24978","26957","51935","3061","6492"
"06/09/2023","53690","26953","80643","17563","4672","22235","15870","24968","26953","51921","3059","6487"
"06/08/2023","53696","26965","80661","17590","4646","22236","15869","24968","26965","51933","3061","6492"
"06/07/2023","53693","26918","80611","17622","4656","22278","15837","24942","26918","51860","3055","6473"
"06/06/2023","53690","26915","80605","17613","4663","22276","15846","24968","26915","51883","3044","6446"
"06/05/2023","53582","26805","80387","17660","4621","22281","15774","24874","26805","51679","3034","6427"
"06/04/2023","53748","26820","80568","17803","4625","22428","15788","24880","26820","51700","3040","6440"
"06/03/2023","53808","26901","80709","17784","4611","22395","15833","24940","26901","51841","3055","6473"
"06/02/2023","53838","26841","80679","17837","4606","22443","15794","24896","26841","51737","3068","6499"
"06/01/2023","54236","27015","81251","18018","4654","22672","15898","25052","27015","52067","3076","6512"
"05/31/2023","54205","26940","81145","18043","4645","22688","15864","25001","26940","51941","3077","6516"
"05/30/2023","54221","26923","81144","18107","4647","22754","15840","24968","26923","51891","3071","6499"
"05/29/2023","54186","26946","81132","18012","4664","22676","15847","24976","26946","51922","3087","6534"
"05/28/2023","54178","26880","81058","18032","4667","22699","15815","24930","26880","51810","3095","6549"
"05/27/2023","54240","26908","81148","18061","4679","22740","15836","24954","26908","51862","3092","6546"
"05/26/2023","54335","26889","81224","18124","4695","22819","15830","24953","26889","51842","3101","6563"
"05/25/2023","54443","26991","81434","18150","4682","22832","15885","25042","26991","52033","3101","6569"
"05/24/2023","54451","27010","81461","18142","4696","22838","15901","25055","27010","52065","3096","6558"
"05/23/2023","54461","26971","81432","18215","4677","22892","15878","25013","26971","51984","3095","6556"
"05/22/2023","54449","26967","81416","18181","4691","22872","15874","25032","26967","51999","3090","6545"
"05/21/2023","54460","26917","81377","18275","4703","22978","15843","24987","26917","51904","3065","6495"
"05/20/2023","54505","26938","81443","18356","4680","23036","15846","24978","26938","51916","3064","6491"
"05/19/2023","54404","26828","81232","18367","4671","23038","15788","24866","26828","51694","3070","6500"
"05/18/2023","54225","26574","80799","18533","4628","23161","15630","24587","26574","51161","3059","6477"
"05/17/2023","54132","26604","80736","18457","4637","23094","15648","24588","26604","51192","3047","6450"
"05/16/2023","53865","26413","80278","18412","4640","23052","15535","24408","26413","50821","3025","6405"
"05/15/2023","53601","26257","79858","18378","4626","23004","15434","24243","26257","50500","3000","6354"
"05/14/2023","53501","26261","79762","18283","4616","22899","15421","24212","26261","50473","3018","6390"
"05/13/2023","53394","26276","79670","18222","4596","22818","15420","24205","26276","50481","3009","6371"
"05/12/2023","53335","26219","79554","18216","4620","22836","15382","24141","26219","50360","3003","6358"
"05/11/2023","53319","26119","79438","18246","4645","22891","15339","24053","26119","50172","3011","6375"
"05/10/2023","53102","26013","79115","18202","4617","22819","15266","23921","26013","49934","3004","6362"
"05/09/2023","52905","25858","78763","18088","4629","22717","15185","23801","25858","49659","3015","6387"
"05/08/2023","52839","25791","78630","18145","4598","22743","15150","23736","25791","49527","3004","6360"
"05/07/2023","52777","25796","78573","18069","4589","22658","15165","23741","25796","49537","3015","6378"
"05/06/2023","52709","25706","78415","18091","4618","22709","15100","23634","25706","49340","3008","6366"
"05/05/2023","52604","25552","78156","18099","4644","22743","15003","23474","25552","49026","3018","6387"
"05/04/2023","52459","25464","77923","18081","4631","22712","14939","23375","25464","48839","3011","6372"
"05/03/2023","52138","25291","77429","18020","4621","22641","14836","23173","25291","48464","2986","6324"
"05/02/2023","52085","25334","77419","17985","4616","22601","14856","23198","25334","48532","2967","6286"
"05/01/2023","51908","25112","77020","17982","4621","22603","14744","22998","25112","48110","2978","6307"
"04/30/2023","51776","25067","76843","17967","4610","22577","14733","22962","25067","48029","2943","6237"
"04/29/2023","51676","24992","76668","17947","4602","22549","14689","22866","24992","47858","2954","6261"
"04/28/2023","51509","24909","76418","17857","4599","22456","14647","22790","24909","47699","2956","6263"
"04/27/2023","51355","24803","76158","17861","4593","22454","14578","22675","24803","47478","2937","6226"
"04/26/2023","51280","24750","76030","17874","4620","22494","14533","22576","24750","47326","2929","6210"
"04/25/2023","51091","24644","75735","17849","4614","22463","14475","22461","24644","47105","2908","6167"
"04/24/2023","51011","24540","75551","17815","4635","22450","14427","22399","24540","46939","2906","6162"
"04/23/2023","50865","24577","75442","17717","4596","22313","14430","22399","24577","46976","2901","6153"
"04/22/2023","50772","24547","75319","17650","4590","22240","14426","22386","24547","46933","2898","6146"
"04/21/2023","50700","24473","75173","17674","4570","22244","14385","22330","24473","46803","2889","6126"
"04/20/2023","50654","24439","75093","17647","4574","22221","14370","22282","24439","46721","2902","6151"
"04/19/2023","50520","24366","74886","17620","4576","22196","14334","22205","24366","46571","2886","6119"
"04/18/2023","50398","24258","74656","17581","4589","22170","14272","22115","24258","46373","2882","6113"
"04/17/2023","50245","24206","74451","17469","4584","22053","14238","22069","24206","46275","2886","6123"
"04/16/2023","50182","24175","74357","17412","4599","22011","14217","22039","24175","46214","2890","6132"
"04/15/2023","50011","24072","74083","17396","4568","21964","14162","21929","24072","46001","2884","6118"
"04/14/2023","49977","24054","74031","17378","4597","21975","14130","21881","24054","45935","2887","6121"
"04/13/2023","49857","23978","73835","17379","4531","21910","14092","21835","23978","45813","2883","6112"
"04/12/2023","49879","23935","73814","17422","4579","22001","14056","21771","23935","45706","2880","6107"
"04/11/2023","49877","23893","73770","17469","4598","22067","14025","21730","23893","45623","2866","6080"
"04/10/2023","49926","23942","73868","17462","4581","22043","14079","21808","23942","45750","2866","6075"
"04/09/2023","49947","23944","73891","17484","4576","22060","14072","21801","23944","45745","2870","6086"
"04/08/2023","49793","23907","73700","17436","4569","22005","14034","21739","23907","45646","2852","6049"
"04/07/2023","49718","23842","73560","17407","4572","21979","14011","21688","23842","45530","2853","6051"
"04/06/2023","49647","23834","73481","17341","4571","21912","14009","21691","23834","45525","2850","6044"
"04/05/2023","49526","23733","73259","17327","4596","21923","13944","21587","23733","45320","2835","6016"
"04/04/2023","49570","23763","73333","17347","4582","21929","13961","21599","23763","45362","2849","6042"
"04/03/2023","49573","23700","73273","17429","4555","21984","13948","21566","23700","45266","2840","6023"
"04/02/2023","49440","23651","73091","17387","4546","21933","13917","21515","23651","45166","2824","5992"
"04/01/2023","49250","23595","72845","17294","4493","21787","13889","21467","23595","45062","2825","5996"
"03/31/2023","49249","23605","72854","17249","4536","21785","13890","21458","23605","45063","2830","6006"
"03/30/2023","49269","23560","72829","17276","4568","21844","13866","21423","23560","44983","2827","6002"
"03/29/2023","49210","23521","72731","17290","4574","21864","13845","21391","23521","44912","2805","5955"
"03/28/2023","49039","23483","72522","17230","4526","21756","13809","21323","23483","44806","2808","5960"
"03/27/2023","49013","23436","72449","17220","4560","21780","13786","21279","23436","44715","2805","5954"
"03/26/2023","48868","23424","72292","17124","4555","21679","13763","21234","23424","44658","2804","5955"
"03/25/2023","48802","23377","72179","17098","4544","21642","13731","21202","23377","44579","2805","5958"
"03/24/2023","48779","23430","72209","17062","4525","21587","13787","21261","23430","44691","2792","5931"
"03/23/2023","48731","23376","72107","17052","4526","21578","13761","21212","23376","44588","2796","5941"
"03/22/2023","48869","23355","72224","17190","4584","21774","13746","21169","23355","44524","2790","5926"
"03/21/2023","48693","23303","71996","17128","4557","21685","13705","21100","23303","44403","2780","5908"
"03/20/2023","48546","23196","71742","17113","4546","21659","13648","21018","23196","44214","2762","5869"
"03/19/2023","48488","23208","71696","17079","4524","21603","13646","21015","23208","44223","2762","5870"
"03/18/2023","48361","23168","71529","16989","4515","21504","13618","20965","23168","44133","2774","5892"
"03/17/2023","48304","23091","71395","16962","4508","21470","13591","20920","23091","44011","2784","5914"
"03/16/2023","48257","23029","71286","16968","4518","21486","13551","20852","23029","43881","2787","5919"
"03/15/2023","48221","23016","71237","16964","4518","21482","13554","20842","23016","43858","2777","5897"
"03/14/2023","48198","23022","71220","16993","4520","21513","13539","20814","23022","43836","2763","5871"
"03/13/2023","48077","22948","71025","16893","4539","21432","13513","20773","22948","43721","2766","5872"
"03/12/2023","47998","22943","70941","16844","4513","21357","13502","20761","22943","43704","2770","5880"
"03/11/2023","47972","22936","70908","16827","4502","21329","13496","20745","22936","43681","2778","5898"
"03/10/2023","48034","22984","71018","16831","4527","21358","13518","20781","22984","43765","2779","5895"
"03/09/2023","48129","23047","71176","16877","4551","21428","13529","20797","23047","43844","2782","5904"
"03/08/2023","48036","22988","71024","16867","4540","21407","13483","20748","22988","43736","2770","5881"
"03/07/2023","48066","23011","71077","16867","4532","21399","13518","20772","23011","43783","2778","5895"
"03/06/2023","47990","22961","70951","16863","4495","21358","13481","20734","22961","43695","2782","5898"
"03/05/2023","47894","22966","70860","16803","4472","21275","13489","20744","22966","43710","2770","5875"
"03/04/2023","47810","22957","70767","16756","4439","21195","13486","20732","22957","43689","2774","5883"
"03/03/2023","47786","22969","70755","16690","4436","21126","13484","20742","22969","43711","2792","5918"
"03/02/2023","47794","22940","70734","16716","4452","21168","13456","20696","22940","43636","2797","5930"
"03/01/2023","47874","22974","70848","16742","4474","21216","13485","20737","22974","43711","2793","5921"
"02/28/2023","47882","22978","70860","16730","4487","21217","13483","20745","22978","43723","2792","5920"
"02/27/2023","47890","22898","70788","16770","4502","21272","13441","20703","22898","43601","2788","5915"
"02/26/2023","47901","23011","70912","16719","4482","21201","13500","20792","23011","43803","2783","5908"
"02/25/2023","47886","23018","70904","16689","4461","21150","13508","20794","23018","43812","2799","5942"
"02/24/2023","47879","23006","70885","16702","4463","21165","13501","20775","23006","43781","2798","5939"
"02/23/2023","47853","22931","70784","16705","4462","21167","13461","20730","22931","43661","2807","5956"
"02/22/2023","47897","22913","70810","16739","4478","21217","13445","20693","22913","43606","2823","5987"
"02/21/2023","47879","22895","70774","16719","4470","21189","13446","20699","22895","43594","2824","5991"
"02/20/2023","47743","22766","70509","16680","4496","21176","13370","20588","22766","43354","2818","5979"
"02/19/2023","47815","22830","70645","16662","4514","21176","13419","20644","22830","43474","2826","5995"
"02/18/2023","47754","22847","70601","16606","4500","21106","13419","20652","22847","43499","2827","5996"
"02/17/2023","47669","22812","70481","16562","4509","21071","13388","20603","22812","43415","2827","5995"
"02/16/2023","47702","22779","70481","16609","4525","21134","13375","20584","22779","43363","2821","5984"
"02/15/2023","47550","22756","70306","16512","4493","21005","13355","20566","22756","43322","2817","5979"
"02/14/2023","47689","22772","70461","16595","4484","21079","13378","20599","22772","43371","2833","6011"
"02/13/2023","47712","22782","70494","16599","4486","21085","13372","20611","22782","43393","2836","6016"
"02/12/2023","47810","22838","70648","16676","4471","21147","13399","20652","22838","43490","2834","6011"
"02/11/2023","47835","22915","70750","16656","4472","21128","13436","20699","22915","43614","2833","6008"
"02/10/2023","47846","22912","70758","16658","4465","21123","13449","20717","22912","43629","2833","6006"
"02/09/2023","47826","22874","70700","16647","4484","21131","13431","20682","22874","43556","2833","6013"
"02/08/2023","47817","22866","70683","16655","4501","21156","13407","20667","22866","43533","2825","5994"
"02/07/2023","47794","22871","70665","16641","4504","21145","13408","20657","22871","43528","2824","5992"
"02/06/2023","47810","22881","70691","16670","4508","21178","13398","20651","22881","43532","2820","5981"
"02/05/2023","47935","23033","70968","16646","4479","21125","13499","20792","23033","43825","2838","6018"
"02/04/2023","47980","23040","71020","16717","4483","21200","13502","20796","23040","43836","2819","5984"
"02/03/2023","47865","22973","70838","16678","4471","21149","13458","20728","22973","43701","2821","5988"
"02/02/2023","47819","23037","70856","16627","4459","21086","13502","20759","23037","43796","2813","5974"
"02/01/2023","47672","22953","70625","16596","4467","21063","13440","20665","22953","43618","2800","5944"
"01/31/2023","47572","22886","70458","16597","4470","21067","13390","20585","22886","43471","2787","5920"
"01/30/2023","47492","22850","70342","16561","4477","21038","13367","20553","22850","43403","2779","5901"
"01/29/2023","47302","22805","70107","16493","4458","20951","13347","20517","22805","43322","2748","5834"
"01/28/2023","47188","22766","69954","16474","4421","20895","13327","20455","22766","43221","2751","5838"
"01/27/2023","47102","22732","69834","16412","4485","20897","13305","20407","22732","43139","2731","5798"
"01/26/2023","47103","22751","69854","16397","4513","20910","13310","20394","22751","43145","2731","5799"
"01/25/2023","46891","22639","69530","16323","4506","20829","13232","20262","22639","42901","2732","5800"
"01/24/2023","46976","22664","69640","16423","4481","20904","13247","20291","22664","42955","2721","5781"
"01/23/2023","46802","22582","69384","16325","4452","20777","13202","20190","22582","42772","2747","5835"
"01/22/2023","46808","22613","69421","16351","4461","20812","13211","20215","22613","42828","2720","5781"
"01/21/2023","46705","22615","69320","16306","4447","20753","13202","20194","22615","42809","2710","5758"
"01/20/2023","46770","22620","69390","16329","4486","20815","13201","20180","22620","42800","2718","5775"
"01/19/2023","46696","22573","69269","16315","4512","20827","13167","20130","22573","42703","2702","5739"
"01/18/2023","46690","22633","69323","16298","4483","20781","13203","20173","22633","42806","2702","5736"
"01/17/2023","46629","22625","69254","16344","4460","20804","13186","20129","22625","42754","2683","5696"
"01/16/2023","46511","22564","69075","16305","4462","20767","13142","20069","22564","42633","2674","5675"
"01/15/2023","46397","22499","68896","16278","4464","20742","13103","20004","22499","42503","2661","5651"
"01/14/2023","46238","22411","68649","16224","4466","20690","13052","19898","22411","42309","2661","5650"
"01/13/2023","46246","22412","68658","16219","4446","20665","13070","19926","22412","42338","2664","5655"
"01/12/2023","46201","22419","68620","16168","4437","20605","13078","19934","22419","42353","2665","5662"
"01/11/2023","46139","22380","68519","16179","4405","20584","13048","19897","22380","42277","2663","5658"
"01/10/2023","46066","22371","68437","16170","4373","20543","13051","19893","22371","42264","2649","5630"
"01/09/2023","45916","22294","68210","16105","4372","20477","13004","19819","22294","42113","2646","5620"
"01/08/2023","45683","22197","67880","16046","4372","20418","12947","19704","22197","41901","2615","5561"
"01/07/2023","45437","22116","67553","15896","4372","20268","12895","19617","22116","41733","2611","5552"
"01/06/2023","45347","22096","67443","15854","4368","20222","12889","19579","22096","41675","2608","5546"
"01/05/2023","45296","22025","67321","15835","4393","20228","12847","19514","22025","41539","2612","5554"
"01/04/2023","45328","22001","67329","15933","4377","20310","12826","19466","22001","41467","2612","5552"
"01/03/2023","45175","21954","67129","15871","4369","20240","12796","19417","21954","41371","2597","5518"
"01/02/2023","44956","21875","66831","15765","4368","20133","12746","19331","21875","41206","2584","5492"
"01/01/2023","44751","21813","66564","15686","4329","20015","12706","19270","21813","41083","2572","5466"
"12/31/2022","44542","21792","66334","15554","4319","19873","12687","19227","21792","41019","2560","5442"
"12/30/2022","44613","21740","66353","15661","4365","20026","12642","19159","21740","40899","2555","5428"
"12/29/2022","44564","21640","66204","15747","4369","20116","12584","19045","21640","40685","2544","5403"
"12/28/2022","44563","21592","66155","15756","4383","20139","12573","19015","21592","40607","2547","5409"
"12/27/2022","44550","21550","66100","15761","4417","20178","12551","18954","21550","40504","2551","5418"
"12/26/2022","44474","21565","66039","15672","4419","20091","12569","18956","21565","40521","2556","5427"
"12/25/2022","44219","21449","65668","15632","4406","20038","12502","18836","21449","40285","2519","5345"
"12/24/2022","44151","21397","65548","15632","4406","20038","12464","18777","21397","40174","2516","5336"
"12/23/2022","44023","21361","65384","15628","4385","20013","12439","18720","21361","40081","2492","5290"
"12/22/2022","43942","21295","65237","15655","4382","20037","12414","18652","21295","39947","2476","5253"
"12/21/2022","43831","21262","65093","15616","4406","20022","12379","18582","21262","39844","2463","5227"
"12/20/2022","43635","21141","64776","15577","4405","19982","12302","18451","21141","39592","2451","5202"
"12/19/2022","43578","21165","64743","15551","4372","19923","12329","18459","21165","39624","2450","5196"
"12/18/2022","43528","21168","64696","15457","4391","19848","12328","18458","21168","39626","2463","5222"
"12/17/2022","43555","21161","64716","15500","4402","19902","12323","18449","21161","39610","2454","5204"
"12/16/2022","43565","21177","64742","15521","4378","19899","12347","18464","21177","39641","2453","5202"
"12/15/2022","43588","21188","64776","15562","4397","19959","12360","18469","21188","39657","2432","5160"
"12/14/2022","43599","21189","64788","15559","4413","19972","12361","18461","21189","39650","2435","5166"
"12/13/2022","43492","21150","64642","15517","4418","19935","12339","18417","21150","39567","2423","5140"
"12/12/2022","43544","21173","64717","15535","4428","19963","12360","18430","21173","39603","2428","5151"
"12/11/2022","43440","21209","64649","15460","4395","19855","12373","18439","21209","39648","2425","5146"
"12/10/2022","43421","21167","64588","15500","4411","19911","12342","18393","21167","39560","2412","5117"
"12/09/2022","43354","21112","64466","15504","4387","19891","12322","18357","21112","39469","2407","5106"
"12/08/2022","43287","21071","64358","15501","4388","19889","12299","18325","21071","39396","2392","5073"
"12/07/2022","43291","21196","64487","15422","4383","19805","12356","18440","21196","39636","2380","5046"
"12/06/2022","43271","21099","64370","15487","4430","19917","12316","18365","21099","39464","2353","4989"
"12/05/2022","43219","21008","64227","15560","4392","19952","12280","18309","21008","39317","2338","4958"
"12/04/2022","43201","21021","64222","15551","4400","19951","12285","18302","21021","39323","2333","4948"
"12/03/2022","43192","21099","64291","15495","4377","19872","12314","18356","21099","39455","2341","4964"
"12/02/2022","43162","21051","64213","15487","4401","19888","12295","18312","21051","39363","2341","4962"
"12/01/2022","43091","20920","64011","15551","4406","19957","12221","18188","20920","39108","2332","4946"
"11/30/2022","43157","20918","64075","15606","4408","20014","12229","18201","20918","39119","2329","4942"
"11/29/2022","43174","20891","64065","15646","4419","20065","12220","18177","20891","39068","2324","4932"
"11/28/2022","43154","20885","64039","15613","4420","20033","12222","18164","20885","39049","2337","4957"
"11/27/2022","43046","20860","63906","15565","4424","19989","12205","18132","20860","38992","2322","4925"
"11/26/2022","43032","20898","63930","15552","4407","19959","12223","18159","20898","39057","2318","4914"
"11/25/2022","43119","20875","63994","15618","4421","20039","12210","18147","20875","39022","2328","4933"
"11/24/2022","43065","20881","63946","15586","4379","19965","12218","18141","20881","39022","2341","4959"
"11/23/2022","43032","20801","63833","15593","4408","20001","12170","18080","20801","38881","2337","4951"
"11/22/2022","43235","20880","64115","15723","4427","20150","12226","18148","20880","39028","2331","4937"
"11/21/2022","43277","20794","64071","15791","4429","20220","12178","18081","20794","38875","2347","4976"
"11/20/2022","43255","20855","64110","15725","4428","20153","12205","18104","20855","38959","2358","4998"
"11/19/2022","43130","20829","63959","15674","4394","20068","12211","18103","20829","38932","2340","4959"
"11/18/2022","43148","20836","63984","15682","4409","20091","12224","18120","20836","38956","2329","4937"
"11/17/2022","43215","20786","64001","15734","4433","20167","12204","18075","20786","38861","2347","4973"
"11/16/2022","43137","20728","63865","15724","4421","20145","12186","18044","20728","38772","2338","4948"
"11/15/2022","43013","20647","63660","15627","4437","20064","12147","17980","20647","38627","2348","4969"
"11/14/2022","42972","20609","63581","15641","4394","20035","12134","17974","20609","38583","2345","4963"
"11/13/2022","42999","20660","63659","15601","4410","20011","12164","18012","20660","38672","2349","4976"
"11/12/2022","42934","20632","63566","15563","4396","19959","12157","17998","20632","38630","2350","4977"
"11/11/2022","42895","20545","63440","15582","4415","19997","12117","17938","20545","38483","2342","4960"
"11/10/2022","42876","20527","63403","15626","4378","20004","12096","17907","20527","38434","2342","4965"
"11/09/2022","42816","20502","63318","15640","4367","20007","12075","17881","20502","38383","2326","4928"
"11/08/2022","42860","20500","63360","15653","4382","20035","12076","17884","20500","38384","2333","4941"
"11/07/2022","42894","20532","63426","15656","4410","20066","12082","17879","20532","38411","2337","4949"
"11/06/2022","42866","20585","63451","15610","4392","20002","12106","17919","20585","38504","2335","4945"
"11/05/2022","42798","20578","63376","15591","4380","19971","12092","17895","20578","38473","2330","4932"
"11/04/2022","42847","20532","63379","15664","4394","20058","12057","17854","20532","38386","2332","4935"
"11/03/2022","42905","20540","63445","15674","4422","20096","12071","17869","20540","38409","2334","4940"
"11/02/2022","42896","20530","63426","15682","4385","20067","12064","17865","20530","38395","2343","4964"
"11/01/2022","42932","20505","63437","15686","4413","20099","12048","17840","20505","38345","2356","4993"
"10/31/2022","42885","20500","63385","15663","4377","20040","12046","17830","20500","38330","2367","5015"
"10/30/2022","43008","20576","63584","15707","4403","20110","12094","17893","20576","38469","2363","5005"
"10/29/2022","43009","20614","63623","15663","4413","20076","12120","17922","20614","38536","2366","5011"
"10/28/2022","43018","20580","63598","15730","4396","20126","12097","17893","20580","38473","2360","4999"
"10/27/2022","43045","20602","63647","15784","4420","20204","12118","17902","20602","38504","2330","4939"
"10/26/2022","43052","20584","63636","15773","4445","20218","12112","17888","20584","38472","2334","4946"
"10/25/2022","43092","20574","63666","15806","4434","20240","12118","17903","20574","38477","2335","4949"
"10/24/2022","43176","20579","63755","15865","4451","20316","12115","17897","20579","38476","2342","4963"
"10/23/2022","43059","20627","63686","15769","4410","20179","12154","17941","20627","38568","2332","4939"
"10/22/2022","43045","20676","63721","15726","4419","20145","12181","17971","20676","38647","2328","4929"
"10/21/2022","43002","20629","63631","15765","4405","20170","12156","17927","20629","38556","2315","4905"
"10/20/2022","43114","20635","63749","15841","4441","20282","12158","17939","20635","38574","2309","4893"
"10/19/2022","42993","20585","63578","15773","4434","20207","12130","17904","20585","38489","2303","4882"
"10/18/2022","42918","20591","63509","15748","4432","20180","12131","17870","20591","38461","2297","4868"
"10/17/2022","42797","20544","63341","15751","4394","20145","12096","17815","20544","38359","2280","4837"
"10/16/2022","42809","20554","63363","15780","4401","20181","12098","17816","20554","38370","2268","4812"
"10/15/2022","42583","20517","63100","15658","4371","20029","12072","17763","20517","38280","2257","4791"
"10/14/2022","42604","20505","63109","15657","4411","20068","12069","17766","20505","38271","2247","4770"
"10/13/2022","42530","20442","62972","15689","4411","20100","12046","17724","20442","38166","2217","4706"
"10/12/2022","42301","20346","62647","15594","4408","20002","11986","17629","20346","37975","2199","4670"
"10/11/2022","42259","20297","62556","15558","4440","19998","11960","17576","20297","37873","2208","4685"
"10/10/2022","42056","20118","62174","15554","4443","19997","11873","17424","20118","37542","2187","4635"
"10/09/2022","41923","20147","62070","15465","4428","19893","11880","17431","20147","37578","2169","4599"
"10/08/2022","41778","20216","61994","15357","4382","19739","11910","17481","20216","37697","2150","4558"
"10/07/2022","41585","20149","61734","15288","4372","19660","11872","17403","20149","37552","2137","4522"
"10/06/2022","41335","20044","61379","15131","4394","19525","11819","17306","20044","37350","2128","4504"
"10/05/2022","41136","19934","61070","15071","4380","19451","11765","17215","19934","37149","2113","4470"
"10/04/2022","41107","19898","61005","15052","4440","19492","11746","17172","19898","37070","2100","4443"
"10/03/2022","40927","19778","60705","15057","4411","19468","11678","17047","19778","36825","2087","4412"
"10/02/2022","40721","19724","60445","15051","4369","19420","11636","16926","19724","36650","2068","4375"
"10/01/2022","40459","19722","60181","14804","4354","19158","11638","16928","19722","36650","2067","4373"
"09/30/2022","40327","19681","60008","14839","4317","19156","11605","16873","19681","36554","2031","4298"
"09/29/2022","40088","19600","59688","14702","4346","19048","11558","16788","19600","36388","2007","4252"
"09/28/2022","39885","19534","59419","14632","4336","18968","11514","16719","19534","36253","1981","4198"
"09/27/2022","39732","19394","59126","14643","4365","19008","11432","16559","19394","35953","1966","4165"
"09/26/2022","39544","19412","58956","14537","4362","18899","11431","16523","19412","35935","1946","4122"
"09/25/2022","39484","19414","58898","14517","4358","18875","11436","16512","19414","35926","1933","4097"
"09/24/2022","39265","19389","58654","14410","4336","18746","11416","16489","19389","35878","1901","4030"
"09/23/2022","39136","19308","58444","14387","4343","18730","11354","16387","19308","35695","1896","4019"
"09/22/2022","38892","19260","58152","14258","4332","18590","11344","16342","19260","35602","1871","3960"
"09/21/2022","38796","19242","58038","14270","4295","18565","11325","16315","19242","35557","1850","3916"
"09/20/2022","38622","19121","57743","14237","4308","18545","11255","16204","19121","35325","1828","3873"
"09/19/2022","38396","19045","57441","14134","4315","18449","11216","16100","19045","35145","1818","3847"
"09/18/2022","38172","19027","57199","14076","4280","18356","11198","16051","19027","35078","1780","3765"
"09/17/2022","37968","18901","56869","14009","4297","18306","11116","15887","18901","34788","1785","3775"
"09/16/2022","37842","18821","56663","13948","4301","18249","11078","15807","18821","34628","1791","3786"
"09/15/2022","37601","18733","56334","13857","4292","18149","11024","15723","18733","34456","1764","3729"
"09/14/2022","37413","18654","56067","13871","4275","18146","10968","15618","18654","34272","1728","3649"
"09/13/2022","37168","18559","55727","13745","4282","18027","10907","15489","18559","34048","1731","3652"
"09/12/2022","36992","18493","55485","13661","4248","17909","10863","15425","18493","33918","1735","3658"
"09/11/2022","36847","18491","55338","13592","4257","17849","10871","15433","18491","33924","1690","3565"
"09/10/2022","36763","18449","55212","13540","4266","17806","10837","15389","18449","33838","1691","3568"
"09/09/2022","36620","18366","54986","13513","4247","17760","10798","15316","18366","33682","1682","3544"
"09/08/2022","36481","18289","54770","13465","4250","17715","10757","15248","18289","33537","1670","3518"
"09/07/2022","36410","18237","54647","13432","4267","17699","10733","15217","18237","33454","1658","3494"
"09/06/2022","36158","18024","54182","13436","4230","17666","10611","15014","18024","33038","1654","3478"
"09/05/2022","36041","18064","54105","13343","4200","17543","10639","15043","18064","33107","1642","3455"
"09/04/2022","35925","18004","53929","13312","4196","17508","10596","14965","18004","32969","1640","3452"
"09/03/2022","35865","18009","53874","13302","4161","17463","10601","14980","18009","32989","1626","3422"
"09/02/2022","35798","17924","53722","13285","4184","17469","10548","14906","17924","32830","1628","3423"
"09/01/2022","35793","17889","53682","13324","4202","17526","10530","14871","17889","32760","1616","3396"
"08/31/2022","35712","17826","53538","13339","4216","17555","10485","14793","17826","32619","1599","3364"
"08/30/2022","35672","17757","53429","13343","4239","17582","10449","14735","17757","32492","1594","3355"
"08/29/2022","35555","17673","53228","13346","4226","17572","10393","14638","17673","32311","1591","3345"
"08/28/2022","35426","17652","53078","13319","4188","17507","10376","14594","17652","32246","1581","3325"
"08/27/2022","35193","17557","52750","13207","4169","17376","10335","14530","17557","32087","1563","3287"
"08/26/2022","35095","17454","52549","13176","4209","17385","10293","14439","17454","31893","1556","3271"
"08/25/2022","34987","17408","52395","13161","4221","17382","10253","14367","17408","31775","1539","3238"
"08/24/2022","34939","17382","52321","13116","4239","17355","10255","14374","17382","31756","1525","3210"
"08/23/2022","34771","17269","52040","13048","4217","17265","10188","14288","17269","31557","1529","3218"
"08/22/2022","34720","17220","51940","13048","4203","17251","10146","14213","17220","31433","1549","3256"
"08/21/2022","34509","17233","51742","12940","4163","17103","10155","14200","17233","31433","1524","3206"
"08/20/2022","34245","17221","51466","12800","4087","16887","10144","14189","17221","31410","1508","3169"
"08/19/2022","34338","17205","51543","12861","4145","17006","10124","14152","17205","31357","1511","3180"
"08/18/2022","34261","17169","51430","12854","4130","16984","10115","14127","17169","31296","1496","3150"
"08/17/2022","34204","17148","51352","12866","4125","16991","10095","14073","17148","31221","1492","3140"
"08/16/2022","34128","17120","51248","12823","4123","16946","10064","14031","17120","31151","1498","3151"
"08/15/2022","34223","17221","51444","12787","4146","16933","10121","14114","17221","31335","1509","3176"
"08/14/2022","33964","17147","51111","12704","4083","16787","10084","14052","17147","31199","1484","3125"
"08/13/2022","33977","17126","51103","12699","4107","16806","10075","14032","17126","31158","1491","3139"
"08/12/2022","33931","17105","51036","12667","4134","16801","10044","13982","17105","31087","1495","3148"
"08/11/2022","33931","17084","51015","12688","4124","16812","10037","13972","17084","31056","1495","3147"
"08/10/2022","33884","17031","50915","12683","4136","16819","10001","13923","17031","30954","1493","3142"
"08/09/2022","33729","16949","50678","12634","4116","16750","9941","13827","16949","30776","1496","3152"
"08/08/2022","33725","16933","50658","12627","4132","16759","9932","13818","16933","30751","1495","3148"
"08/07/2022","33648","16909","50557","12584","4133","16717","9922","13798","16909","30707","1487","3133"
"08/06/2022","33612","16852","50464","12577","4129","16706","9897","13755","16852","30607","1496","3151"
"08/05/2022","33548","16834","50382","12560","4143","16703","9874","13719","16834","30553","1485","3126"
"08/04/2022","33581","16827","50408","12594","4144","16738","9869","13705","16827","30532","1491","3138"
"08/03/2022","33480","16806","50286","12575","4112","16687","9852","13668","16806","30474","1484","3125"
"08/02/2022","33455","16753","50208","12597","4118","16715","9809","13611","16753","30364","1486","3129"
"08/01/2022","33368","16729","50097","12572","4114","16686","9790","13569","16729","30298","1479","3113"
"07/31/2022","33270","16765","50035","12482","4099","16581","9810","13601","16765","30366","1468","3088"
"07/30/2022","33213","16680","49893","12483","4068","16551","9771","13548","16680","30228","1480","3114"
"07/29/2022","33265","16658","49923","12513","4122","16635","9753","13522","16658","30180","1477","3108"
"07/28/2022","33191","16612","49803","12509","4128","16637","9714","13454","16612","30066","1473","3100"
"07/27/2022","33157","16564","49721","12540","4133","16673","9687","13397","16564","29961","1467","3087"
"07/26/2022","33102","16514","49616","12534","4143","16677","9659","13348","16514","29862","1463","3077"
"07/25/2022","32919","16421","49340","12461","4110","16571","9616","13278","16421","29699","1460","3070"
"07/24/2022","32782","16411","49193","12406","4082","16488","9607","13252","16411","29663","1446","3042"
"07/23/2022","32680","16362","49042","12343","4086","16429","9584","13214","16362","29576","1444","3037"
"07/22/2022","32606","16285","48891","12321","4110","16431","9542","13137","16285","29422","1446","3038"
"07/21/2022","32635","16265","48900","12332","4141","16473","9520","13103","16265","29368","1456","3059"
"07/20/2022","32474","16162","48636","12334","4126","16460","9446","12992","16162","29154","1438","3022"
"07/19/2022","32477","16160","48637","12314","4120","16434","9445","12986","16160","29146","1453","3057"
"07/18/2022","32363","16090","48453","12313","4095","16408","9404","12916","16090","29006","1445","3039"
"07/17/2022","32165","16023","48188","12246","4042","16288","9375","12862","16023","28885","1433","3015"
"07/16/2022","32072","16030","48102","12172","4040","16212","9379","12852","16030","28882","1429","3008"
"07/15/2022","32095","16057","48152","12117","4028","16145","9415","12906","16057","28963","1446","3044"
"07/14/2022","32080","16047","48127","12102","4062","16164","9400","12896","16047","28943","1436","3020"
"07/13/2022","31861","15997","47858","11971","4039","16010","9370","12845","15997","28842","1432","3006"
"07/12/2022","31866","15943","47809","12046","4044","16090","9339","12780","15943","28723","1428","2996"
"07/11/2022","31964","15992","47956","12079","4054","16133","9359","12804","15992","28796","1442","3027"
"07/10/2022","32125","16003","48128","12250","4049","16299","9365","12801","16003","28804","1441","3025"
"07/09/2022","32225","16006","48231","12316","4083","16399","9366","12801","16006","28807","1441","3025"
"07/08/2022","32323","16014","48337","12360","4133","16493","9369","12805","16014","28819","1441","3025"
"07/07/2022","32108","15907","48015","12297","4124","16421","9294","12706","15907","28613","1420","2981"
"07/06/2022","32011","15870","47881","12272","4099","16371","9266","12663","15870","28533","1416","2977"
"07/05/2022","31975","15841","47816","12262","4091","16353","9249","12634","15841","28475","1422","2988"
"07/04/2022","31784","15877","47661","12146","4003","16149","9278","12666","15877","28543","1412","2969"
"07/03/2022","31796","15835","47631","12158","4036","16194","9253","12637","15835","28472","1410","2965"
"07/02/2022","31731","15782","47513","12170","4032","16202","9217","12570","15782","28352","1408","2959"
"07/01/2022","31714","15742","47456","12179","4046","16225","9202","12542","15742","28284","1402","2947"
"06/30/2022","31755","15685","47440","12233","4068","16301","9181","12492","15685","28177","1408","2962"
"06/29/2022","31751","15630","47381","12284","4085","16369","9136","12437","15630","28067","1401","2945"
"06/28/2022","31687","15608","47295","12253","4096","16349","9117","12400","15608","28008","1398","2938"
"06/27/2022","31700","15585","47285","12232","4104","16336","9121","12401","15585","27986","1410","2963"
"06/26/2022","31504","15593","47097","12130","4050","16180","9121","12388","15593","27981","1396","2936"
"06/25/2022","31415","15518","46933","12119","4058","16177","9073","12312","15518","27830","1392","2926"
"06/24/2022","31452","15546","46998","12130","4073","16203","9077","12323","15546","27869","1393","2926"
"06/23/2022","31493","15502","46995","12181","4126","16307","9039","12266","15502","27768","1390","2920"
"06/22/2022","31481","15425","46906","12220","4130","16350","8993","12198","15425","27623","1396","2933"
"06/21/2022","31485","15428","46913","12229","4101","16330","9004","12205","15428","27633","1404","2950"
"06/20/2022","31347","15432","46779","12138","4069","16207","9011","12207","15432","27639","1396","2933"
"06/19/2022","31322","15423","46745","12161","4045","16206","9003","12196","15423","27619","1389","2920"
"06/18/2022","31232","15338","46570","12099","4079","16178","8961","12134","15338","27472","1389","2920"
"06/17/2022","31226","15306","46532","12109","4071","16180","8946","12106","15306","27412","1399","2940"
"06/16/2022","31309","15234","46543","12199","4104","16303","8906","12055","15234","27289","1404","2951"
"06/15/2022","31307","15274","46581","12177","4103","16280","8924","12078","15274","27352","1404","2949"
"06/14/2022","31252","15249","46501","12194","4084","16278","8914","12055","15249","27304","1388","2919"
"06/13/2022","31272","15260","46532","12226","4076","16302","8909","12038","15260","27298","1393","2932"
"06/12/2022","31094","15293","46387","12158","3983","16141","8922","12037","15293","27330","1386","2916"
"06/11/2022","31273","15294","46567","12230","4048","16278","8924","12037","15294","27331","1407","2958"
"06/10/2022","31136","15228","46364","12199","4036","16235","8886","11972","15228","27200","1393","2929"
"06/09/2022","31262","15240","46502","12261","4067","16328","8901","11995","15240","27235","1398","2939"
"06/08/2022","31228","15235","46463","12277","4054","16331","8896","11974","15235","27209","1391","2923"
"06/07/2022","31238","15212","46450","12303","4055","16358","8889","11957","15212","27169","1390","2923"
"06/06/2022","31200","15181","46381","12266","4037","16303","8874","11944","15181","27125","1406","2953"
"06/05/2022","31097","15163","46260","12236","4003","16239","8864","11928","15163","27091","1394","2930"
"06/04/2022","30992","15134","46126","12170","4007","16177","8846","11898","15134","27032","1388","2917"
"06/03/2022","31034","15162","46196","12258","3945","16203","8858","11918","15162","27080","1388","2913"
"06/02/2022","31220","15131","46351","12314","4068","16382","8841","11893","15131","27024","1401","2945"
"06/01/2022","31128","15050","46178","12302","4051","16353","8797","11823","15050","26873","1404","2952"
"05/31/2022","31065","14988","46053","12282","4045","16327","8758","11773","14988","26761","1411","2965"
"05/30/2022","30993","15069","46062","12215","3993","16208","8802","11820","15069","26889","1411","2965"
"05/29/2022","30962","15023","45985","12246","3988","16234","8776","11774","15023","26797","1405","2954"
"05/28/2022","30938","14981","45919","12286","3967","16253","8759","11749","14981","26730","1397","2936"
"05/27/2022","30985","15029","46014","12246","4011","16257","8791","11791","15029","26820","1398","2937"
"05/26/2022","31029","14993","46022","12312","4034","16346","8770","11751","14993","26744","1397","2932"
"05/25/2022","31095","15041","46136","12336","4024","16360","8803","11791","15041","26832","1403","2944"
"05/24/2022","31064","14977","46041","12385","4020","16405","8760","11725","14977","26702","1396","2934"
"05/23/2022","31018","14948","45966","12363","4009","16372","8744","11697","14948","26645","1405","2949"
"05/22/2022","30986","15008","45994","12337","3983","16320","8758","11719","15008","26727","1403","2947"
"05/21/2022","30884","14931","45815","12307","3978","16285","8713","11658","14931","26589","1400","2941"
"05/20/2022","30960","14910","45870","12392","3998","16390","8709","11646","14910","26556","1392","2924"
"05/19/2022","30991","14947","45938","12390","4025","16415","8714","11646","14947","26593","1396","2930"
"05/18/2022","31003","14929","45932","12396","4023","16419","8706","11633","14929","26562","1407","2951"
"05/17/2022","30981","14920","45901","12431","4023","16454","8691","11604","14920","26524","1391","2923"
"05/16/2022","30918","14914","45832","12358","4015","16373","8683","11600","14914","26514","1403","2945"
"05/15/2022","30894","15020","45914","12309","3981","16290","8737","11671","15020","26691","1396","2933"
"05/14/2022","30850","15005","45855","12342","3918","16260","8733","11669","15005","26674","1390","2921"
"05/13/2022","30819","14941","45760","12311","3959","16270","8699","11614","14941","26555","1398","2935"
"05/12/2022","30921","14923","45844","12384","4007","16391","8686","11591","14923","26514","1400","2939"
"05/11/2022","30921","14921","45842","12428","4015","16443","8668","11567","14921","26488","1387","2911"
"05/10/2022","30850","14871","45721","12436","3989","16425","8633","11517","14871","26388","1387","2908"
"05/09/2022","30830","14836","45666","12453","3994","16447","8601","11461","14836","26297","1394","2922"
"05/08/2022","30733","14820","45553","12381","3989","16370","8601","11451","14820","26271","1390","2912"
"05/07/2022","30815","14872","45687","12427","3984","16411","8633","11496","14872","26368","1387","2908"
"05/06/2022","30885","14893","45778","12445","4010","16455","8641","11504","14893","26397","1396","2926"
"05/05/2022","30801","14862","45663","12410","4005","16415","8614","11471","14862","26333","1391","2915"
"05/04/2022","30915","14863","45778","12504","4037","16541","8619","11462","14863","26325","1392","2912"
"05/03/2022","30841","14811","45652","12478","4025","16503","8582","11420","14811","26231","1394","2918"
"05/02/2022","30845","14731","45576","12508","4024","16532","8555","11367","14731","26098","1408","2946"
"05/01/2022","30737","14765","45502","12414","3974","16388","8587","11413","14765","26178","1404","2936"
"04/30/2022","30610","14776","45386","12345","3956","16301","8569","11385","14776","26161","1398","2924"
"04/29/2022","30770","14824","45594","12413","3979","16392","8592","11430","14824","26254","1410","2948"
"04/28/2022","30943","14831","45774","12551","4022","16573","8595","11429","14831","26260","1406","2941"
"04/27/2022","30927","14823","45750","12570","4020","16590","8582","11407","14823","26230","1401","2930"
"04/26/2022","30809","14820","45629","12482","4010","16492","8570","11387","14820","26207","1401","2930"
"04/25/2022","30882","14822","45704","12552","4003","16555","8566","11386","14822","26208","1406","2941"
"04/24/2022","30674","14765","45439","12442","3967","16409","8537","11337","14765","26102","1399","2928"
"04/23/2022","30655","14762","45417","12438","3968","16406","8530","11334","14762","26096","1393","2915"
"04/22/2022","30645","14748","45393","12448","3964","16412","8517","11316","14748","26064","1392","2917"
"04/21/2022","30732","14702","45434","12542","3999","16541","8490","11279","14702","25981","1390","2912"
"04/20/2022","30737","14678","45415","12548","4024","16572","8473","11253","14678","25931","1390","2912"
"04/19/2022","30705","14643","45348","12553","4022","16575","8467","11219","14643","25862","1389","2911"
"04/18/2022","30665","14574","45239","12587","4005","16592","8426","11160","14574","25734","1390","2913"
"04/17/2022","30510","14574","45084","12486","3963","16449","8418","11146","14574","25720","1392","2915"
"04/16/2022","30474","14582","45056","12427","3972","16399","8428","11166","14582","25748","1389","2909"
"04/15/2022","30502","14592","45094","12417","3995","16412","8442","11186","14592","25778","1385","2904"
"04/14/2022","30625","14604","45229","12513","4002","16515","8449","11188","14604","25792","1393","2922"
"04/13/2022","30693","14679","45372","12529","4011","16540","8493","11236","14679","25915","1391","2917"
"04/12/2022","30742","14740","45482","12532","3996","16528","8533","11289","14740","26029","1395","2925"
"04/11/2022","30791","14696","45487","12607","3991","16598","8494","11239","14696","25935","1408","2954"
"04/10/2022","30800","14686","45486","12636","3980","16616","8503","11243","14686","25929","1402","2941"
"04/09/2022","30594","14665","45259","12498","3945","16443","8488","11224","14665","25889","1395","2927"
"04/08/2022","30648","14691","45339","12523","3947","16470","8509","11262","14691","25953","1390","2916"
"04/07/2022","30792","14669","45461","12623","3987","16610","8490","11243","14669","25912","1400","2939"
"04/06/2022","30814","14660","45474","12636","3994","16630","8487","11232","14660","25892","1407","2952"
"04/05/2022","30716","14636","45352","12605","3979","16584","8475","11207","14636","25843","1394","2925"
"04/04/2022","30732","14656","45388","12568","4000","16568","8489","11223","14656","25879","1402","2941"
"04/03/2022","30634","14658","45292","12496","3998","16494","8490","11219","14658","25877","1392","2921"
"04/02/2022","30464","14636","45100","12388","3951","16339","8473","11199","14636","25835","1394","2926"
"04/01/2022","30542","14647","45189","12438","3987","16425","8473","11196","14647","25843","1392","2921"
"03/31/2022","30681","14637","45318","12536","4034","16570","8462","11182","14637","25819","1396","2929"
"03/30/2022","30726","14560","45286","12588","4046","16634","8428","11142","14560","25702","1406","2950"
"03/29/2022","30715","14525","45240","12635","4060","16695","8411","11113","14525","25638","1385","2907"
"03/28/2022","30746","14570","45316","12608","4059","16667","8428","11145","14570","25715","1399","2934"
"03/27/2022","30611","14565","45176","12514","4046","16560","8421","11134","14565","25699","1391","2917"
"03/26/2022","30525","14559","45084","12461","4016","16477","8416","11129","14559","25688","1391","2919"
"03/25/2022","30598","14593","45191","12462","4028","16490","8440","11161","14593","25754","1406","2947"
"03/24/2022","30692","14610","45302","12571","4032","16603","8447","11153","14610","25763","1400","2936"
"03/23/2022","30677","14584","45261","12571","4053","16624","8428","11126","14584","25710","1396","2927"
"03/22/2022","30632","14586","45218","12535","4031","16566","8425","11121","14586","25707","1405","2945"
"03/21/2022","30670","14664","45334","12498","4011","16509","8478","11209","14664","25873","1408","2952"
"03/20/2022","30632","14668","45300","12510","3991","16501","8477","11212","14668","25880","1392","2919"
"03/19/2022","30492","14646","45138","12424","3957","16381","8464","11189","14646","25835","1393","2922"
"03/18/2022","30498","14613","45111","12429","3987","16416","8446","11171","14613","25784","1387","2911"
"03/17/2022","30628","14604","45232","12501","4042","16543","8448","11165","14604","25769","1392","2920"
"03/16/2022","30575","14561","45136","12477","4033","16510","8435","11149","14561","25710","1389","2916"
"03/15/2022","30623","14535","45158","12471","4071","16542","8428","11148","14535","25683","1396","2933"
"03/14/2022","30765","14544","45309","12557","4076","16633","8435","11158","14544","25702","1417","2974"
"03/13/2022","30715","14546","45261","12526","4059","16585","8429","11159","14546","25705","1415","2971"
"03/12/2022","30722","14537","45259","12579","4035","16614","8417","11140","14537","25677","1414","2968"
"03/11/2022","30677","14571","45248","12532","4019","16551","8435","11159","14571","25730","1414","2967"
"03/10/2022","30681","14500","45181","12543","4060","16603","8391","11103","14500","25603","1418","2975"
"03/09/2022","30802","14533","45335","12630","4086","16716","8401","11110","14533","25643","1419","2976"
"03/08/2022","30702","14511","45213","12566","4054","16620","8394","11104","14511","25615","1421","2978"
"03/07/2022","30715","14576","45291","12552","4037","16589","8410","11125","14576","25701","1433","3001"
"03/06/2022","30571","14628","45199","12450","3993","16443","8449","11178","14628","25806","1408","2950"
"03/05/2022","30553","14629","45182","12445","3992","16437","8447","11176","14629","25805","1403","2940"
"03/04/2022","30642","14607","45249","12478","4019","16497","8441","11163","14607","25770","1424","2982"
"03/03/2022","30675","14601","45276","12518","4043","16561","8440","11152","14601","25753","1414","2962"
"03/02/2022","30776","14593","45369","12588","4079","16667","8439","11141","14593","25734","1417","2968"
"03/01/2022","30726","14563","45289","12550","4071","16621","8432","11123","14563","25686","1424","2982"
"02/28/2022","30816","14560","45376","12626","4067","16693","8433","11122","14560","25682","1433","3001"
"02/27/2022","30828","14627","45455","12612","4061","16673","8464","11174","14627","25801","1424","2981"
"02/26/2022","30768","14615","45383","12568","4055","16623","8459","11170","14615","25785","1422","2975"
"02/25/2022","30779","14546","45325","12609","4074","16683","8425","11123","14546","25669","1419","2973"
"02/24/2022","30755","14470","45225","12603","4092","16695","8390","11080","14470","25550","1423","2980"
"02/23/2022","30777","14476","45253","12604","4095","16699","8389","11075","14476","25551","1434","3003"
"02/22/2022","30819","14507","45326","12620","4082","16702","8394","11101","14507","25608","1440","3016"
"02/21/2022","30793","14531","45324","12649","4035","16684","8393","11101","14531","25632","1437","3008"
"02/20/2022","30712","14510","45222","12624","4005","16629","8386","11085","14510","25595","1432","2998"
"02/19/2022","30632","14557","45189","12519","3998","16517","8425","11132","14557","25689","1425","2983"
"02/18/2022","30640","14517","45157","12554","4003","16557","8401","11098","14517","25615","1426","2985"
"02/17/2022","30706","14518","45224","12604","4015","16619","8387","11091","14518","25609","1431","2996"
"02/16/2022","30722","14462","45184","12625","4037","16662","8359","11055","14462","25517","1437","3005"
"02/15/2022","30718","14429","45147","12642","4032","16674","8338","11025","14429","25454","1443","3019"
"02/14/2022","30774","14521","45295","12607","4021","16628","8400","11095","14521","25616","1458","3051"
"02/13/2022","30734","14576","45310","12564","4016","16580","8432","11137","14576","25713","1441","3017"
"02/12/2022","30586","14558","45144","12472","3984","16456","8415","11115","14558","25673","1440","3015"
"02/11/2022","30524","14530","45054","12439","4007","16446","8408","11089","14530","25619","1427","2989"
"02/10/2022","30612","14476","45088","12565","4008","16573","8371","11042","14476","25518","1432","2997"
"02/09/2022","30695","14578","45273","12555","4012","16567","8424","11124","14578","25702","1437","3004"
"02/08/2022","30630","14532","45162","12561","3991","16552","8401","11092","14532","25624","1428","2986"
"02/07/2022","30660","14533","45193","12592","3959","16551","8406","11108","14533","25641","1436","3001"
"02/06/2022","30772","14634","45406","12608","3968","16576","8465","11181","14634","25815","1443","3015"
"02/05/2022","30584","14608","45192","12500","3929","16429","8455","11162","14608","25770","1432","2993"
"02/04/2022","30622","14592","45214","12503","3972","16475","8450","11151","14592","25743","1433","2996"
"02/03/2022","30635","14591","45226","12490","3981","16471","8458","11162","14591","25753","1437","3002"
"02/02/2022","30678","14586","45264","12553","3985","16538","8448","11157","14586","25743","1428","2983"
"02/01/2022","30700","14506","45206","12565","4037","16602","8409","11101","14506","25607","1436","2997"
"01/31/2022","30733","14583","45316","12533","4046","16579","8442","11147","14583","25730","1442","3007"
"01/30/2022","30771","14595","45366","12614","4014","16628","8440","11155","14595","25750","1433","2988"
"01/29/2022","30826","14637","45463","12635","4020","16655","8474","11199","14637","25836","1425","2972"
"01/28/2022","30845","14670","45515","12618","4045","16663","8487","11213","14670","25883","1424","2969"
"01/27/2022","30872","14648","45520","12656","4040","16696","8480","11193","14648","25841","1431","2983"
"01/26/2022","30844","14592","45436","12678","4052","16730","8431","11139","14592","25731","1427","2975"
"01/25/2022","30802","14565","45367","12626","4074","16700","8426","11124","14565","25689","1428","2978"
"01/24/2022","30857","14641","45498","12624","4066","16690","8465","11169","14641","25810","1437","2998"
"01/23/2022","30749","14597","45346","12570","4042","16612","8445","11144","14597","25741","1435","2993"
"01/22/2022","30810","14586","45396","12625","4067","16692","8440","11140","14586","25726","1427","2978"
"01/21/2022","30738","14554","45292","12571","4082","16653","8414","11111","14554","25665","1425","2974"
"01/20/2022","30811","14590","45401","12619","4070","16689","8446","11143","14590","25733","1428","2979"
"01/19/2022","30715","14548","45263","12571","4055","16626","8418","11116","14548","25664","1423","2973"
"01/18/2022","30853","14597","45450","12616","4079","16695","8455","11162","14597","25759","1434","2996"
"01/17/2022","30820","14609","45429","12571","4070","16641","8460","11161","14609","25770","1443","3018"
"01/16/2022","30740","14588","45328","12512","4068","16580","8447","11147","14588","25735","1440","3013"
"01/15/2022","30755","14573","45328","12544","4076","16620","8438","11132","14573","25705","1435","3003"
"01/14/2022","30733","14559","45292","12533","4078","16611","8421","11109","14559","25668","1440","3013"
"01/13/2022","30714","14621","45335","12514","4043","16557","8456","11151","14621","25772","1437","3006"
"01/12/2022","30808","14662","45470","12589","4047","16636","8467","11169","14662","25831","1435","3003"
"01/11/2022","30739","14602","45341","12563","4040","16603","8437","11123","14602","25725","1442","3013"
"01/10/2022","30685","14558","45243","12520","4058","16578","8417","11098","14558","25656","1440","3009"
"01/09/2022","30682","14596","45278","12483","4063","16546","8434","11121","14596","25717","1443","3015"
"01/08/2022","30689","14622","45311","12510","4030","16540","8455","11146","14622","25768","1437","3003"
"01/07/2022","30684","14654","45338","12459","4036","16495","8463","11173","14654","25827","1443","3016"
"01/06/2022","30682","14613","45295","12488","4032","16520","8435","11129","14613","25742","1451","3033"
"01/05/2022","30670","14581","45251","12498","4043","16541","8416","11087","14581","25668","1455","3042"
"01/04/2022","30630","14508","45138","12526","4039","16565","8380","11042","14508","25550","1445","3023"
"01/03/2022","30674","14589","45263","12488","4035","16523","8421","11120","14589","25709","1448","3031"
"01/02/2022","30622","14663","45285","12397","4037","16434","8459","11172","14663","25835","1441","3016"
"01/01/2022","30554","14659","45213","12354","3993","16347","8455","11166","14659","25825","1453","3041"
"12/31/2021","30400","14596","44996","12269","3978","16247","8430","11126","14596","25722","1447","3027"
"12/30/2021","30644","14601","45245","12444","4057","16501","8417","11112","14601","25713","1449","3031"
"12/29/2021","30687","14612","45299","12497","4062","16559","8413","11102","14612","25714","1445","3026"
"12/28/2021","30665","14574","45239","12481","4098","16579","8384","11056","14574","25630","1447","3030"
"12/27/2021","30788","14576","45364","12536","4079","16615","8413","11106","14576","25682","1465","3067"
"12/26/2021","30786","14659","45445","12504","4070","16574","8460","11161","14659","25820","1457","3051"
"12/25/2021","30696","14705","45401","12368","4064","16432","8482","11187","14705","25892","1470","3077"
"12/24/2021","30741","14658","45399","12410","4112","16522","8460","11152","14658","25810","1465","3067"
"12/23/2021","30897","14674","45571","12534","4133","16667","8467","11152","14674","25826","1470","3078"
"12/22/2021","30811","14579","45390","12529","4128","16657","8407","11059","14579","25638","1477","3095"
"12/21/2021","30933","14685","45618","12536","4128","16664","8480","11160","14685","25845","1484","3109"
"12/20/2021","30931","14665","45596","12561","4127","16688","8463","11140","14665","25805","1481","3103"
"12/19/2021","30926","14737","45663","12561","4090","16651","8511","11201","14737","25938","1467","3074"
"12/18/2021","30853","14772","45625","12482","4086","16568","8520","11214","14772","25986","1467","3071"
"12/17/2021","30839","14773","45612","12450","4083","16533","8526","11217","14773","25990","1476","3089"
"12/16/2021","30965","14756","45721","12566","4112","16678","8513","11191","14756","25947","1478","3096"
"12/15/2021","30949","14735","45684","12558","4138","16696","8501","11170","14735","25905","1472","3083"
"12/14/2021","31040","14830","45870","12558","4150","16708","8547","11232","14830","26062","1480","3100"
"12/13/2021","31084","14861","45945","12546","4153","16699","8553","11248","14861","26109","1497","3137"
"12/12/2021","31071","14855","45926","12556","4131","16687","8559","11247","14855","26102","1497","3137"
"12/11/2021","30910","14855","45765","12445","4094","16539","8560","11254","14855","26109","1487","3117"
"12/10/2021","30991","14908","45899","12456","4125","16581","8581","11274","14908","26182","1496","3136"
"12/09/2021","31015","14816","45831","12536","4156","16692","8529","11207","14816","26023","1486","3116"
"12/08/2021","31054","14782","45836","12595","4157","16752","8507","11177","14782","25959","1491","3125"
"12/07/2021","31007","14773","45780","12545","4169","16714","8500","11168","14773","25941","1491","3125"
"12/06/2021","30991","14787","45778","12534","4146","16680","8498","11164","14787","25951","1502","3147"
"12/05/2021","30943","14802","45745","12466","4137","16603","8516","11198","14802","26000","1500","3142"
"12/04/2021","30901","14787","45688","12459","4120","16579","8512","11190","14787","25977","1495","3132"
"12/03/2021","30872","14725","45597","12449","4140","16589","8484","11152","14725","25877","1495","3131"
"12/02/2021","30944","14727","45671","12510","4150","16660","8496","11160","14727","25887","1491","3124"
"12/01/2021","31063","14760","45823","12583","4154","16737","8498","11166","14760","25926","1509","3160"
"11/30/2021","31110","14727","45837","12617","4182","16799","8498","11169","14727","25896","1501","3142"
"11/29/2021","31120","14713","45833","12616","4169","16785","8494","11166","14713","25879","1513","3169"
"11/28/2021","31022","14714","45736","12563","4132","16695","8500","11157","14714","25871","1514","3170"
"11/27/2021","30978","14726","45704","12527","4122","16649","8514","11181","14726","25907","1503","3148"
"11/26/2021","30919","14790","45709","12420","4122","16542","8550","11228","14790","26018","1503","3149"
"11/25/2021","30946","14788","45734","12452","4105","16557","8544","11222","14788","26010","1512","3167"
"11/24/2021","31001","14745","45746","12551","4133","16684","8513","11172","14745","25917","1502","3145"
"11/23/2021","31043","14691","45734","12610","4163","16773","8481","11132","14691","25823","1497","3138"
"11/22/2021","31069","14769","45838","12560","4165","16725","8528","11182","14769","25951","1509","3162"
"11/21/2021","31028","14728","45756","12577","4132","16709","8511","11153","14728","25881","1511","3166"
"11/20/2021","31053","14775","45828","12565","4131","16696","8547","11208","14775","25983","1503","3149"
"11/19/2021","31010","14795","45805","12546","4130","16676","8545","11198","14795","25993","1496","3136"
"11/18/2021","31101","14781","45882","12577","4155","16732","8545","11196","14781","25977","1514","3173"
"11/17/2021","31179","14804","45983","12604","4181","16785","8554","11202","14804","26006","1523","3192"
"11/16/2021","31119","14769","45888","12597","4152","16749","8523","11168","14769","25937","1528","3202"
"11/15/2021","31176","14761","45937","12622","4151","16773","8521","11174","14761","25935","1541","3229"
"11/14/2021","31155","14812","45967","12575","4152","16727","8541","11195","14812","26007","1543","3233"
"11/13/2021","31085","14860","45945","12498","4129","16627","8569","11235","14860","26095","1538","3223"
"11/12/2021","31038","14783","45821","12492","4148","16640","8539","11182","14783","25965","1534","3216"
"11/11/2021","31107","14812","45919","12537","4164","16701","8537","11186","14812","25998","1536","3220"
"11/10/2021","31037","14806","45843","12502","4143","16645","8523","11165","14806","25971","1540","3227"
"11/09/2021","31036","14756","45792","12544","4150","16694","8493","11125","14756","25881","1537","3217"
"11/08/2021","31118","14809","45927","12538","4148","16686","8524","11162","14809","25971","1563","3270"
"11/07/2021","31143","14883","46026","12529","4154","16683","8554","11203","14883","26086","1555","3257"
"11/06/2021","31050","14898","45948","12486","4117","16603","8558","11202","14898","26100","1549","3245"
"11/05/2021","31194","14922","46116","12539","4164","16703","8592","11254","14922","26176","1544","3237"
"11/04/2021","31285","14903","46188","12641","4172","16813","8582","11243","14903","26146","1541","3229"
"11/03/2021","31190","14840","46030","12553","4175","16728","8562","11220","14840","26060","1547","3242"
"11/02/2021","31127","14852","45979","12490","4161","16651","8559","11218","14852","26070","1555","3258"
"11/01/2021","31094","14822","45916","12476","4147","16623","8541","11196","14822","26018","1563","3275"
"10/31/2021","31023","14887","45910","12386","4113","16499","8591","11257","14887","26144","1559","3267"
"10/30/2021","31111","14893","46004","12455","4127","16582","8596","11259","14893","26152","1560","3270"
"10/29/2021","31187","14931","46118","12478","4151","16629","8616","11284","14931","26215","1562","3274"
"10/28/2021","31220","14927","46147","12500","4179","16679","8599","11256","14927","26183","1567","3285"
"10/27/2021","31090","14921","46011","12425","4141","16566","8599","11260","14921","26181","1559","3264"
"10/26/2021","31123","14886","46009","12458","4160","16618","8579","11237","14886","26123","1559","3268"
"10/25/2021","31042","14865","45907","12461","4032","16493","8578","11237","14865","26102","1579","3312"
"10/24/2021","31200","14973","46173","12451","4126","16577","8640","11319","14973","26292","1576","3304"
"10/23/2021","31100","14976","46076","12346","4113","16459","8639","11319","14976","26295","1584","3322"
"10/22/2021","31052","14961","46013","12322","4117","16439","8624","11306","14961","26267","1578","3307"
"10/21/2021","31102","14937","46039","12365","4148","16513","8611","11285","14937","26222","1577","3304"
"10/20/2021","31087","14930","46017","12379","4135","16514","8604","11275","14930","26205","1575","3298"
"10/19/2021","31120","14906","46026","12453","4120","16573","8585","11248","14906","26154","1575","3299"
"10/18/2021","31085","14900","45985","12410","4108","16518","8592","11260","14900","26160","1577","3307"
"10/17/2021","31088","14949","46037","12406","4081","16487","8613","11287","14949","26236","1580","3314"
"10/16/2021","30938","14972","45910","12295","4075","16370","8615","11288","14972","26260","1563","3280"
"10/15/2021","30984","14938","45922","12312","4084","16396","8604","11273","14938","26211","1580","3315"
"10/14/2021","31068","14911","45979","12373","4101","16474","8590","11270","14911","26181","1584","3324"
"10/13/2021","31159","14955","46114","12420","4123","16543","8614","11296","14955","26251","1581","3320"
"10/12/2021","31029","14857","45886","12374","4115","16489","8554","11221","14857","26078","1581","3319"
"10/11/2021","31049","14851","45900","12417","4099","16516","8547","11217","14851","26068","1580","3316"
"10/10/2021","31010","14907","45917","12326","4098","16424","8585","11272","14907","26179","1581","3314"
"10/09/2021","30963","14947","45910","12279","4073","16352","8603","11302","14947","26249","1578","3309"
"10/08/2021","30928","14923","45851","12296","4073","16369","8586","11275","14923","26198","1566","3284"
"10/07/2021","30919","14847","45766","12315","4078","16393","8539","11222","14847","26069","1577","3304"
"10/06/2021","30941","14817","45758","12359","4085","16444","8537","11212","14817","26029","1566","3285"
"10/05/2021","30943","14839","45782","12349","4090","16439","8540","11212","14839","26051","1569","3292"
"10/04/2021","30903","14797","45700","12321","4109","16430","8516","11189","14797","25986","1565","3284"
"10/03/2021","30818","14863","45681","12210","4088","16298","8545","11228","14863","26091","1569","3292"
"10/02/2021","30648","14833","45481","12105","4067","16172","8532","11207","14833","26040","1558","3269"
"10/01/2021","30769","14815","45584","12199","4090","16289","8513","11177","14815","25992","1575","3303"
"09/30/2021","30826","14798","45624","12286","4100","16386","8500","11157","14798","25955","1565","3283"
"09/29/2021","30801","14812","45613","12291","4061","16352","8503","11156","14812","25968","1570","3293"
"09/28/2021","30803","14741","45544","12312","4080","16392","8478","11126","14741","25867","1569","3285"
"09/27/2021","30827","14789","45616","12272","4076","16348","8495","11161","14789","25950","1585","3318"
"09/26/2021","30764","14750","45514","12261","4079","16340","8471","11125","14750","25875","1575","3299"
"09/25/2021","30683","14760","45443","12180","4082","16262","8466","11125","14760","25885","1573","3296"
"09/24/2021","30599","14721","45320","12161","4073","16234","8436","11082","14721","25803","1568","3283"
"09/23/2021","30645","14656","45301","12253","4090","16343","8406","11031","14656","25687","1562","3271"
"09/22/2021","30596","14616","45212","12214","4076","16290","8383","11013","14616","25629","1573","3293"
"09/21/2021","30670","14732","45402","12186","4059","16245","8460","11109","14732","25841","1585","3316"
"09/20/2021","30611","14653","45264","12161","4064","16225","8412","11053","14653","25706","1592","3333"
"09/19/2021","30598","14707","45305","12124","4038","16162","8452","11116","14707","25823","1585","3320"
"09/18/2021","30487","14654","45141","12074","4032","16106","8415","11073","14654","25727","1579","3308"
"09/17/2021","30476","14641","45117","12109","4015","16124","8400","11044","14641","25685","1579","3308"
"09/16/2021","30510","14623","45133","12164","4032","16196","8378","11012","14623","25635","1576","3302"
"09/15/2021","30485","14617","45102","12149","4034","16183","8378","11007","14617","25624","1573","3295"
"09/14/2021","30474","14581","45055","12145","4030","16175","8353","10983","14581","25564","1582","3316"
"09/13/2021","30420","14572","44992","12111","4005","16116","8341","10965","14572","25537","1593","3339"
"09/12/2021","30438","14650","45088","12069","3999","16068","8411","11053","14650","25703","1582","3317"
"09/11/2021","30370","14659","45029","12008","3988","15996","8416","11063","14659","25722","1579","3311"
"09/10/2021","30426","14617","45043","12087","3992","16079","8400","11039","14617","25656","1577","3308"
"09/09/2021","30515","14616","45131","12172","4016","16188","8387","11021","14616","25637","1576","3306"
"09/08/2021","30415","14585","45000","12083","3996","16079","8374","11006","14585","25591","1587","3330"
"09/07/2021","30532","14586","45118","12160","3999","16159","8378","11015","14586","25601","1602","3358"
"09/06/2021","30334","14536","44870","12029","3970","15999","8354","10979","14536","25515","1601","3356"
"09/05/2021","30404","14604","45008","12043","3981","16024","8388","11024","14604","25628","1601","3356"
"09/04/2021","30325","14570","44895","12013","3972","15985","8371","11007","14570","25577","1591","3333"
"09/03/2021","30359","14509","44868","12086","3981","16067","8329","10952","14509","25461","1594","3340"
"09/02/2021","30363","14475","44838","12145","3970","16115","8314","10919","14475","25394","1588","3329"
"09/01/2021","30383","14456","44839","12148","3993","16141","8313","10897","14456","25353","1595","3345"
"08/31/2021","30342","14425","44767","12131","4003","16134","8293","10870","14425","25295","1591","3338"
"08/30/2021","30439","14446","44885","12176","4007","16183","8302","10898","14446","25344","1601","3358"
"08/29/2021","30424","14480","44904","12152","4010","16162","8321","10931","14480","25411","1588","3331"
"08/28/2021","30368","14458","44826","12125","4003","16128","8315","10915","14458","25373","1585","3325"
"08/27/2021","30366","14420","44786","12156","3992","16148","8289","10892","14420","25312","1585","3326"
"08/26/2021","30444","14392","44836","12230","4012","16242","8272","10860","14392","25252","1592","3342"
"08/25/2021","30449","14433","44882","12217","3988","16205","8299","10885","14433","25318","1601","3359"
"08/24/2021","30529","14480","45009","12237","4010","16247","8326","10927","14480","25407","1598","3355"
"08/23/2021","30658","14474","45132","12303","4021","16324","8335","10947","14474","25421","1614","3387"
"08/22/2021","30658","14472","45130","12326","4026","16352","8330","10948","14472","25420","1599","3358"
"08/21/2021","30548","14433","44981","12259","4009","16268","8307","10924","14433","25357","1598","3356"
"08/20/2021","30523","14404","44927","12242","4025","16267","8278","10885","14404","25289","1605","3371"
"08/19/2021","30577","14382","44959","12289","4030","16319","8268","10879","14382","25261","1608","3379"
"08/18/2021","30551","14375","44926","12258","4047","16305","8259","10864","14375","25239","1609","3382"
"08/17/2021","30661","14542","45203","12211","4029","16240","8362","11015","14542","25557","1621","3406"
"08/16/2021","30740","14522","45262","12254","4048","16302","8347","10995","14522","25517","1639","3443"
"08/15/2021","30680","14522","45202","12229","4028","16257","8342","10983","14522","25505","1637","3440"
"08/14/2021","30684","14504","45188","12268","4024","16292","8330","10966","14504","25470","1630","3426"
"08/13/2021","30701","14512","45213","12251","4037","16288","8328","10970","14512","25482","1639","3443"
"08/12/2021","30708","14499","45207","12268","4057","16325","8304","10948","14499","25447","1635","3435"
"08/11/2021","30764","14527","45291","12295","4045","16340","8317","10965","14527","25492","1647","3459"
"08/10/2021","30813","14541","45354","12308","4067","16375","8335","10986","14541","25527","1645","3452"
"08/09/2021","30779","14486","45265","12318","4040","16358","8312","10955","14486","25441","1652","3466"
"08/08/2021","30695","14491","45186","12278","4021","16299","8309","10943","14491","25434","1646","3453"
"08/07/2021","30547","14473","45020","12192","4009","16201","8295","10924","14473","25397","1632","3422"
"08/06/2021","30553","14481","45034","12195","3994","16189","8302","10936","14481","25417","1634","3428"
"08/05/2021","30606","14507","45113","12240","4005","16245","8309","10935","14507","25442","1633","3426"
"08/04/2021","30601","14484","45085","12254","4004","16258","8292","10907","14484","25391","1638","3436"
"08/03/2021","30455","14389","44844","12220","3987","16207","8233","10824","14389","25213","1632","3424"
"08/02/2021","30452","14286","44738","12268","3975","16243","8181","10759","14286","25045","1644","3450"
"08/01/2021","30312","14274","44586","12215","3896","16111","8180","10765","14274","25039","1636","3436"
"07/31/2021","30443","14305","44748","12252","3982","16234","8192","10785","14305","25090","1630","3424"
"07/30/2021","30618","14483","45101","12248","3977","16225","8296","10930","14483","25413","1648","3463"
"07/29/2021","30691","14482","45173","12319","3989","16308","8299","10935","14482","25417","1640","3448"
"07/28/2021","30409","14454","44863","12267","3801","16068","8282","10901","14454","25355","1636","3440"
"07/27/2021","30552","14448","45000","12307","3923","16230","8271","10894","14448","25342","1630","3428"
"07/26/2021","30705","14443","45148","12338","4026","16364","8267","10886","14443","25329","1643","3455"
"07/25/2021","30798","14491","45289","12317","4086","16403","8306","10948","14491","25439","1639","3447"
"07/24/2021","30745","14497","45242","12270","4071","16341","8318","10958","14497","25455","1638","3446"
"07/23/2021","30678","14460","45138","12242","4084","16326","8287","10918","14460","25378","1632","3434"
"07/22/2021","30776","14429","45205","12310","4092","16402","8260","10895","14429","25324","1654","3479"
"07/21/2021","30823","14435","45258","12358","4100","16458","8257","10887","14435","25322","1653","3478"
"07/20/2021","30880","14435","45315","12349","4111","16460","8262","10890","14435","25325","1677","3530"
"07/19/2021","30906","14453","45359","12367","4115","16482","8273","10903","14453","25356","1672","3521"
"07/18/2021","30986","14550","45536","12396","4122","16518","8316","10951","14550","25501","1670","3517"
"07/17/2021","30954","14561","45515","12364","4115","16479","8325","10966","14561","25527","1666","3509"
"07/16/2021","30943","14545","45488","12386","4117","16503","8310","10939","14545","25484","1664","3501"
"07/15/2021","30993","14528","45521","12403","4129","16532","8305","10936","14528","25464","1673","3525"
"07/14/2021","31034","14490","45524","12425","4158","16583","8269","10907","14490","25397","1681","3544"
"07/13/2021","31058","14539","45597","12407","4176","16583","8282","10936","14539","25475","1680","3539"
"07/12/2021","31116","14538","45654","12414","4210","16624","8282","10930","14538","25468","1691","3562"
"07/11/2021","31026","14538","45564","12321","4190","16511","8307","10946","14538","25484","1695","3569"
"07/10/2021","30980","14525","45505","12299","4192","16491","8290","10934","14525","25459","1688","3555"
"07/09/2021","30943","14526","45469","12273","4207","16480","8291","10920","14526","25446","1682","3543"
"07/08/2021","31065","14500","45565","12438","4200","16638","8278","10904","14500","25404","1672","3523"
"07/07/2021","31012","14536","45548","12358","4184","16542","8303","10930","14536","25466","1681","3540"
"07/06/2021","31146","14549","45695","12386","4232","16618","8324","10963","14549","25512","1693","3565"
"07/05/2021","31033","14528","45561","12293","4231","16524","8314","10942","14528","25470","1693","3567"
"07/04/2021","30948","14563","45511","12221","4190","16411","8333","10964","14563","25527","1696","3573"
"07/03/2021","31049","14545","45594","12356","4195","16551","8324","10948","14545","25493","1685","3550"
"07/02/2021","31171","14519","45690","12479","4219","16698","8303","10910","14519","25429","1691","3563"
"07/01/2021","31326","14563","45889","12601","4212","16813","8327","10952","14563","25515","1690","3561"
"06/30/2021","31987","15058","47045","12752","4229","16981","8674","11361","15058","26419","1730","3645"
"06/29/2021","32023","15090","47113","12772","4215","16987","8691","11390","15090","26480","1730","3646"
"06/28/2021","32039","15037","47076","12805","4232","17037","8658","11351","15037","26388","1733","3651"
"06/27/2021","32052","15062","47114","12826","4214","17040","8685","11377","15062","26439","1728","3635"
"06/26/2021","32103","15101","47204","12831","4231","17062","8716","11412","15101","26513","1725","3629"
"06/25/2021","32188","15079","47267","12878","4272","17150","8709","11400","15079","26479","1729","3638"
"06/24/2021","32296","15082","47378","12954","4293","17247","8709","11399","15082","26481","1734","3650"
"06/23/2021","32335","15079","47414","13025","4272","17297","8703","11389","15079","26468","1733","3649"
"06/22/2021","32500","15109","47609","13158","4282","17440","8721","11417","15109","26526","1731","3643"
"06/21/2021","32445","15076","47521","13150","4262","17412","8704","11396","15076","26472","1728","3637"
"06/20/2021","32473","15171","47644","13125","4253","17378","8767","11471","15171","26642","1723","3624"
"06/19/2021","32486","15181","47667","13145","4238","17383","8775","11480","15181","26661","1722","3623"
"06/18/2021","32563","15192","47755","13214","4241","17455","8777","11486","15192","26678","1722","3622"
"06/17/2021","32493","15165","47658","13165","4242","17407","8755","11453","15165","26618","1728","3633"
"06/16/2021","32593","15169","47762","13204","4268","17472","8768","11473","15169","26642","1737","3648"
"06/15/2021","32573","15173","47746","13199","4263","17462","8759","11459","15173","26632","1738","3652"
"06/14/2021","32634","15195","47829","13241","4272","17513","8762","11467","15195","26662","1739","3654"
"06/13/2021","32652","15245","47897","13208","4263","17471","8800","11534","15245","26779","1736","3647"
"06/12/2021","32620","15253","47873","13195","4234","17429","8802","11545","15253","26798","1735","3646"
"06/11/2021","32623","15265","47888","13174","4248","17422","8808","11542","15265","26807","1740","3659"
"06/10/2021","32659","15288","47947","13202","4245","17447","8817","11566","15288","26854","1732","3646"
"06/09/2021","32597","15201","47798","13190","4241","17431","8776","11515","15201","26716","1735","3651"
"06/08/2021","32680","15239","47919","13246","4234","17480","8798","11546","15239","26785","1737","3654"
"06/07/2021","32704","15238","47942","13235","4261","17496","8800","11535","15238","26773","1746","3673"
"06/06/2021","32679","15298","47977","13196","4241","17437","8847","11600","15298","26898","1731","3642"
"06/05/2021","32613","15279","47892","13145","4242","17387","8830","11580","15279","26859","1733","3646"
"06/04/2021","32714","15270","47984","13213","4263","17476","8819","11571","15270","26841","1744","3667"
"06/03/2021","32801","15307","48108","13279","4272","17551","8842","11594","15307","26901","1738","3656"
"06/02/2021","32705","15256","47961","13216","4271","17487","8821","11563","15256","26819","1737","3655"
"06/01/2021","32826","15267","48093","13294","4280","17574","8835","11583","15267","26850","1744","3669"
"05/31/2021","32887","15341","48228","13317","4266","17583","8872","11629","15341","26970","1748","3675"
"05/30/2021","32968","15362","48330","13386","4285","17671","8879","11634","15362","26996","1743","3663"
"05/29/2021","32944","15347","48291","13377","4307","17684","8858","11607","15347","26954","1738","3653"
"05/28/2021","32888","15365","48253","13320","4305","17625","8852","11599","15365","26964","1744","3664"
"05/27/2021","32868","15372","48240","13312","4289","17601","8845","11592","15372","26964","1750","3675"
"05/26/2021","32873","15326","48199","13339","4297","17636","8838","11581","15326","26907","1740","3656"
"05/25/2021","32876","15312","48188","13333","4299","17632","8833","11570","15312","26882","1748","3674"
"05/24/2021","32944","15330","48274","13376","4310","17686","8824","11559","15330","26889","1760","3699"
"05/23/2021","32894","15341","48235","13343","4283","17626","8831","11587","15341","26928","1751","3681"
"05/22/2021","32877","15378","48255","13275","4294","17569","8859","11615","15378","26993","1757","3693"
"05/21/2021","32919","15375","48294","13285","4305","17590","8865","11621","15375","26996","1764","3708"
"05/20/2021","33012","15376","48388","13355","4328","17683","8875","11641","15376","27017","1754","3688"
"05/19/2021","33026","15346","48372","13396","4311","17707","8867","11618","15346","26964","1760","3701"
"05/18/2021","33074","15418","48492","13365","4325","17690","8905","11676","15418","27094","1763","3708"
"05/17/2021","33191","15456","48647","13429","4337","17766","8908","11686","15456","27142","1778","3739"
"05/16/2021","33241","15515","48756","13451","4326","17777","8937","11731","15515","27246","1775","3733"
"05/15/2021","33246","15536","48782","13427","4318","17745","8957","11758","15536","27294","1780","3743"
"05/14/2021","33266","15496","48762","13460","4336","17796","8934","11726","15496","27222","1781","3744"
"05/13/2021","33293","15515","48808","13474","4347","17821","8930","11730","15515","27245","1780","3742"
"05/12/2021","33309","15476","48785","13492","4352","17844","8916","11727","15476","27203","1778","3738"
"05/11/2021","33350","15458","48808","13537","4360","17897","8894","11700","15458","27158","1784","3753"
"05/10/2021","33430","15504","48934","13565","4361","17926","8920","11728","15504","27232","1795","3776"
"05/09/2021","33565","15619","49184","13614","4346","17960","8981","11814","15619","27433","1802","3791"
"05/08/2021","33466","15630","49096","13479","4360","17839","8994","11833","15630","27463","1804","3794"
"05/07/2021","33511","15606","49117","13490","4377","17867","8999","11844","15606","27450","1807","3800"
"05/06/2021","33560","15587","49147","13551","4389","17940","8985","11828","15587","27415","1803","3792"
"05/05/2021","33638","15629","49267","13606","4382","17988","9039","11858","15629","27487","1804","3792"
"05/04/2021","33564","15631","49195","13557","4352","17909","8997","11850","15631","27481","1811","3805"
"05/03/2021","33599","15609","49208","13582","4347","17929","9000","11851","15609","27460","1816","3819"
"05/02/2021","33533","15688","49221","13505","4308","17813","9026","11900","15688","27588","1816","3820"
"05/01/2021","33548","15711","49259","13506","4308","17814","9042","11921","15711","27632","1812","3813"
"04/30/2021","33622","15716","49338","13540","4321","17861","9054","11942","15716","27658","1815","3819"
"04/29/2021","33721","15735","49456","13625","4341","17966","9061","11936","15735","27671","1814","3819"
"04/28/2021","33771","15788","49559","13625","4355","17980","9080","11959","15788","27747","1821","3832"
"04/27/2021","33733","15789","49522","13605","4353","17958","9076","11950","15789","27739","1816","3825"
"04/26/2021","33850","15796","49646","13714","4344","18058","9075","11957","15796","27753","1821","3835"
"04/25/2021","33874","15822","49696","13694","4351","18045","9095","11977","15822","27799","1831","3852"
"04/24/2021","33869","15847","49716","13648","4359","18007","9106","12001","15847","27848","1835","3861"
"04/23/2021","33871","15875","49746","13628","4367","17995","9108","12009","15875","27884","1836","3867"
"04/22/2021","33956","15869","49825","13729","4371","18100","9106","11996","15869","27865","1832","3860"
"04/21/2021","33969","15883","49852","13733","4374","18107","9112","11996","15883","27879","1835","3866"
"04/20/2021","33857","15819","49676","13649","4361","18010","9095","11965","15819","27784","1843","3882"
"04/19/2021","33956","15911","49867","13657","4391","18048","9140","12029","15911","27940","1841","3879"
"04/18/2021","34028","15924","49952","13724","4375","18099","9150","12052","15924","27976","1840","3877"
"04/17/2021","34032","15947","49979","13699","4391","18090","9167","12065","15947","28012","1840","3877"
"04/16/2021","34110","15986","50096","13732","4394","18126","9191","12102","15986","28088","1843","3882"
"04/15/2021","34129","16003","50132","13738","4400","18138","9197","12118","16003","28121","1840","3873"
"04/14/2021","34077","16017","50094","13690","4391","18081","9197","12125","16017","28142","1839","3871"
"04/13/2021","34123","15992","50115","13727","4403","18130","9185","12111","15992","28103","1843","3882"
"04/12/2021","34225","15987","50212","13792","4418","18210","9184","12111","15987","28098","1854","3904"
"04/11/2021","34286","16050","50336","13820","4405","18225","9210","12155","16050","28205","1852","3906"
"04/10/2021","34106","16053","50159","13688","4358","18046","9218","12160","16053","28213","1849","3900"
"04/09/2021","34141","16015","50156","13713","4387","18100","9206","12142","16015","28157","1849","3899"
"04/08/2021","34140","16049","50189","13683","4380","18063","9220","12161","16049","28210","1856","3916"
"04/07/2021","34175","16031","50206","13729","4378","18107","9208","12153","16031","28184","1856","3915"
"04/06/2021","34225","16044","50269","13750","4404","18154","9205","12144","16044","28188","1859","3927"
"04/05/2021","34361","16145","50506","13781","4418","18199","9257","12217","16145","28362","1867","3945"
"04/04/2021","34419","16187","50606","13812","4406","18218","9299","12273","16187","28460","1859","3928"
"04/03/2021","34334","16161","50495","13732","4409","18141","9280","12247","16161","28408","1866","3946"
"04/02/2021","34420","16180","50600","13772","4444","18216","9285","12257","16180","28437","1867","3947"
"04/01/2021","34471","16178","50649","13816","4447","18263","9292","12266","16178","28444","1865","3942"
"03/31/2021","34542","16169","50711","13855","4467","18322","9300","12280","16169","28449","1863","3940"
"03/30/2021","34525","16227","50752","13820","4468","18288","9319","12303","16227","28530","1861","3934"
"03/29/2021","34600","16214","50814","13886","4484","18370","9313","12284","16214","28498","1868","3946"
"03/28/2021","34617","16267","50884","13869","4480","18349","9343","12329","16267","28596","1865","3939"
"03/27/2021","34511","16269","50780","13790","4459","18249","9340","12321","16269","28590","1868","3941"
"03/26/2021","34504","16261","50765","13790","4477","18267","9331","12295","16261","28556","1867","3942"
"03/25/2021","34693","16311","51004","13879","4517","18396","9352","12329","16311","28640","1879","3968"
"03/24/2021","34742","16342","51084","13928","4511","18439","9360","12338","16342","28680","1877","3965"
"03/23/2021","34683","16368","51051","13891","4504","18395","9375","12350","16368","28718","1864","3938"
"03/22/2021","34747","16422","51169","13911","4507","18418","9398","12391","16422","28813","1865","3938"
"03/21/2021","34810","16491","51301","13900","4509","18409","9440","12454","16491","28945","1869","3947"
"03/20/2021","34783","16467","51250","13877","4505","18382","9420","12432","16467","28899","1879","3969"
"03/19/2021","34852","16487","51339","13922","4504","18426","9430","12448","16487","28935","1885","3978"
"03/18/2021","34913","16498","51411","13948","4533","18481","9438","12454","16498","28952","1882","3978"
"03/17/2021","34879","16485","51364","13928","4526","18454","9434","12449","16485","28934","1878","3976"
"03/16/2021","34987","16484","51471","14031","4538","18569","9440","12452","16484","28936","1874","3966"
"03/15/2021","34926","16527","51453","13950","4532","18482","9462","12476","16527","29003","1875","3968"
"03/14/2021","34930","16546","51476","13954","4536","18490","9472","12490","16546","29036","1867","3950"
"03/13/2021","34900","16582","51482","13932","4508","18440","9491","12507","16582","29089","1869","3953"
"03/12/2021","34889","16550","51439","13939","4501","18440","9476","12489","16550","29039","1873","3960"
"03/11/2021","35087","16618","51705","14009","4530","18539","9531","12568","16618","29186","1883","3980"
"03/10/2021","35068","16617","51685","13998","4519","18517","9514","12556","16617","29173","1890","3995"
"03/09/2021","35052","16608","51660","13978","4509","18487","9508","12553","16608","29161","1898","4012"
"03/08/2021","35161","16720","51881","14011","4495","18506","9571","12639","16720","29359","1901","4016"
"03/07/2021","35232","16809","52041","14008","4505","18513","9624","12700","16809","29509","1903","4019"
"03/06/2021","35146","16794","51940","13955","4493","18448","9612","12678","16794","29472","1903","4020"
"03/05/2021","35103","16766","51869","13939","4485","18424","9598","12647","16766","29413","1908","4032"
"03/04/2021","35176","16720","51896","13989","4526","18515","9578","12626","16720","29346","1911","4035"
"03/03/2021","35108","16720","51828","13931","4503","18434","9579","12638","16720","29358","1913","4036"
"03/02/2021","35202","16746","51948","13962","4526","18488","9590","12658","16746","29404","1922","4056"
"03/01/2021","35195","16746","51941","13936","4543","18479","9593","12662","16746","29408","1920","4054"
